game_id,actionNumber,actionType,period,clock,clock_display,game_clock,scoreHome,scoreAway,teamId,playerName,description,previous_action,next_action,score_margin,leverage_bucket
21900162,2,period,1,PT12M00.00S,12:00,Q1 12:00,0,0,1610612752.0,,Start of 1st Period (8:16 PM EST),,3pt missed,0,Low
21900162,7,3pt,1,PT11M35.00S,11:35,Q1 11:35,0,0,1610612742.0,Curry,MISS Curry 25' 3PT Jump Shot,period,rebound,0,Low
21900162,8,rebound,1,PT11M33.00S,11:33,Q1 11:33,0,0,1610612752.0,Barrett,Barrett REBOUND (Off:0 Def:1),3pt missed,2pt missed,0,Low
21900162,9,2pt,1,PT11M14.00S,11:14,Q1 11:14,0,0,1610612752.0,Ntilikina,MISS Ntilikina 1' Driving Layup,rebound,rebound,0,Low
21900162,10,rebound,1,PT11M12.00S,11:12,Q1 11:12,0,0,1610612752.0,Gibson,Gibson REBOUND (Off:1 Def:0),2pt missed,2pt made,0,Low
21900162,11,2pt,1,PT11M10.00S,11:10,Q1 11:10,2,0,1610612752.0,Randle,Randle 1' Layup (2 PTS) (Gibson 1 AST),rebound,2pt made,2,Low
21900162,13,2pt,1,PT10M57.00S,10:57,Q1 10:57,2,2,1610612742.0,Powell,Powell Layup (2 PTS) (Doncic 1 AST),2pt made,2pt missed,0,Low
21900162,15,2pt,1,PT10M45.00S,10:45,Q1 10:45,2,2,1610612752.0,Morris Sr.,MISS Morris Sr. 17' Jump Shot,2pt made,rebound,0,Low
21900162,16,rebound,1,PT10M40.00S,10:40,Q1 10:40,2,2,1610612752.0,Ntilikina,Ntilikina REBOUND (Off:1 Def:0),2pt missed,turnover,0,Low
21900162,17,turnover,1,PT10M34.00S,10:34,Q1 10:34,2,2,1610612752.0,Barrett,Barrett Out of Bounds - Bad Pass Turnover Turnover (P1.T1),rebound,2pt missed,0,Low
21900162,18,2pt,1,PT10M21.00S,10:21,Q1 10:21,2,2,1610612742.0,Porzingis,MISS Porzingis 15' Turnaround Jump Shot,turnover,rebound,0,Low
21900162,19,rebound,1,PT10M19.00S,10:19,Q1 10:19,2,2,1610612752.0,Gibson,Gibson REBOUND (Off:1 Def:1),2pt missed,2pt made,0,Low
21900162,20,2pt,1,PT10M03.00S,10:03,Q1 10:03,4,2,1610612752.0,Barrett,Barrett Driving Layup (2 PTS),rebound,3pt missed,2,Low
21900162,21,3pt,1,PT09M43.00S,09:43,Q1 09:43,4,2,1610612742.0,Doncic,MISS Doncic 29' 3PT Step Back Jump Shot,2pt made,rebound,2,Low
21900162,22,rebound,1,PT09M41.00S,09:41,Q1 09:41,4,2,1610612752.0,Barrett,Barrett REBOUND (Off:0 Def:2),3pt missed,2pt made,2,Low
21900162,23,2pt,1,PT09M27.00S,09:27,Q1 09:27,6,2,1610612752.0,Gibson,Gibson 21' Jump Shot (2 PTS) (Ntilikina 1 AST),rebound,turnover,4,Low
21900162,25,turnover,1,PT09M08.00S,09:08,Q1 09:08,6,2,1610612742.0,Porzingis,Porzingis Bad Pass Turnover (P1.T1),2pt made,steal,4,Low
21900162,25,steal,1,PT09M08.00S,09:08,Q1 09:08,6,2,1610612752.0,Barrett,Barrett STEAL (1 STL),turnover,2pt made,4,Low
21900162,27,2pt,1,PT09M02.00S,09:02,Q1 09:02,8,2,1610612752.0,Randle,Randle 1' Layup (4 PTS),steal,timeout,6,Low
21900162,28,timeout,1,PT09M02.00S,09:02,Q1 09:02,8,2,1610612742.0,,Mavericks Timeout: Regular (Reg.1 Short 0),2pt made,2pt made,6,Low
21900162,29,2pt,1,PT08M46.00S,08:46,Q1 08:46,8,4,1610612742.0,Doncic,Doncic 16' Jump Shot (2 PTS),timeout,foul,4,Low
21900162,30,foul,1,PT08M46.00S,08:46,Q1 08:46,8,4,1610612752.0,Barrett,Barrett S.FOUL (P1.T1) (D.Collins),2pt made,freethrow,4,Low
21900162,32,freethrow,1,PT08M46.00S,08:46,Q1 08:46,8,5,1610612742.0,Doncic,Doncic Free Throw 1 of 1 (3 PTS),foul,3pt missed,3,Low
21900162,33,3pt,1,PT08M33.00S,08:33,Q1 08:33,8,5,1610612752.0,Barrett,MISS Barrett 26' 3PT Jump Shot,freethrow,rebound,3,Low
21900162,34,rebound,1,PT08M31.00S,08:31,Q1 08:31,8,5,1610612742.0,Doncic,Doncic REBOUND (Off:0 Def:1),3pt missed,foul,3,Low
21900162,35,foul,1,PT08M20.00S,08:20,Q1 08:20,8,5,1610612752.0,Gibson,KNICKS T.Foul (Def. 3 Sec Gibson ) (T.Washington),rebound,freethrow,3,Low
21900162,36,freethrow,1,PT08M20.00S,08:20,Q1 08:20,8,6,1610612742.0,Porzingis,Porzingis Free Throw Technical (1 PTS),foul,2pt missed,2,Low
21900162,37,2pt,1,PT08M12.00S,08:12,Q1 08:12,8,6,1610612742.0,Porzingis,MISS Porzingis 12' Step Back Jump Shot,freethrow,rebound,2,Low
21900162,38,rebound,1,PT08M10.00S,08:10,Q1 08:10,8,6,1610612752.0,Gibson,Gibson REBOUND (Off:1 Def:2),2pt missed,2pt missed,2,Low
21900162,39,2pt,1,PT08M00.00S,08:00,Q1 08:00,8,6,1610612752.0,Morris Sr.,MISS Morris Sr. 6' Driving Layup,rebound,block,2,Low
21900162,39,block,1,PT08M00.00S,08:00,Q1 08:00,8,6,1610612742.0,Porzingis,Porzingis BLOCK (1 BLK),2pt missed,rebound,2,Low
21900162,41,rebound,1,PT07M58.00S,07:58,Q1 07:58,8,6,1610612752.0,Randle,Randle REBOUND (Off:1 Def:0),block,2pt made,2,Low
21900162,42,2pt,1,PT07M56.00S,07:56,Q1 07:56,10,6,1610612752.0,Randle,Randle 7' Fadeaway Jumper (6 PTS),rebound,2pt missed,4,Low
21900162,43,2pt,1,PT07M46.00S,07:46,Q1 07:46,10,6,1610612742.0,Doncic,MISS Doncic 12' Jump Shot,2pt made,rebound,4,Low
21900162,44,rebound,1,PT07M44.00S,07:44,Q1 07:44,10,6,1610612752.0,Gibson,Gibson REBOUND (Off:1 Def:3),2pt missed,2pt missed,4,Low
21900162,45,2pt,1,PT07M28.00S,07:28,Q1 07:28,10,6,1610612752.0,Randle,MISS Randle 2' Driving Layup,rebound,rebound,4,Low
21900162,46,rebound,1,PT07M26.00S,07:26,Q1 07:26,10,6,1610612742.0,Porzingis,Porzingis REBOUND (Off:0 Def:1),2pt missed,foul,4,Low
21900162,47,foul,1,PT07M23.00S,07:23,Q1 07:23,10,6,1610612752.0,Gibson,Gibson S.FOUL (P1.T2) (R.Acosta),rebound,freethrow,4,Low
21900162,49,freethrow,1,PT07M23.00S,07:23,Q1 07:23,10,6,1610612742.0,Finney-Smith,MISS Finney-Smith Free Throw 1 of 2,foul,rebound,4,Low
21900162,50,rebound,1,PT07M23.00S,07:23,Q1 07:23,10,6,1610612742.0,,TEAM offensive REBOUND,freethrow,freethrow,4,Low
21900162,51,freethrow,1,PT07M23.00S,07:23,Q1 07:23,10,6,1610612742.0,Finney-Smith,MISS Finney-Smith Free Throw 2 of 2,rebound,rebound,4,Low
21900162,52,rebound,1,PT07M21.00S,07:21,Q1 07:21,10,6,1610612752.0,Gibson,Gibson REBOUND (Off:1 Def:4),freethrow,2pt missed,4,Low
21900162,53,2pt,1,PT07M13.00S,07:13,Q1 07:13,10,6,1610612752.0,Randle,MISS Randle 3' Layup,rebound,block,4,Low
21900162,53,block,1,PT07M13.00S,07:13,Q1 07:13,10,6,1610612742.0,Finney-Smith,Finney-Smith BLOCK (1 BLK),2pt missed,rebound,4,Low
21900162,55,rebound,1,PT07M11.00S,07:11,Q1 07:11,10,6,1610612742.0,Porzingis,Porzingis REBOUND (Off:0 Def:2),block,foul,4,Low
21900162,56,foul,1,PT07M03.00S,07:03,Q1 07:03,10,6,1610612752.0,Ntilikina,Ntilikina S.FOUL (P1.T3) (T.Washington),rebound,freethrow,4,Low
21900162,58,freethrow,1,PT07M03.00S,07:03,Q1 07:03,10,7,1610612742.0,Porzingis,Porzingis Free Throw 1 of 2 (2 PTS),foul,freethrow,3,Low
21900162,59,freethrow,1,PT07M03.00S,07:03,Q1 07:03,10,8,1610612742.0,Porzingis,Porzingis Free Throw 2 of 2 (3 PTS),freethrow,foul,2,Low
21900162,60,foul,1,PT06M55.00S,06:55,Q1 06:55,10,8,1610612742.0,Curry,Curry P.FOUL (P1.T1) (D.Collins),freethrow,2pt missed,2,Low
21900162,62,2pt,1,PT06M42.00S,06:42,Q1 06:42,10,8,1610612752.0,Gibson,MISS Gibson 22' Jump Shot,foul,rebound,2,Low
21900162,63,rebound,1,PT06M40.00S,06:40,Q1 06:40,10,8,1610612752.0,Randle,Randle REBOUND (Off:2 Def:0),2pt missed,2pt made,2,Low
21900162,64,2pt,1,PT06M33.00S,06:33,Q1 06:33,12,8,1610612752.0,Randle,Randle 9' Turnaround Jump Shot (8 PTS),rebound,foul,4,Low
21900162,66,foul,1,PT06M18.00S,06:18,Q1 06:18,12,8,1610612752.0,Ntilikina,Ntilikina S.FOUL (P2.T4) (R.Acosta),2pt made,freethrow,4,Low
21900162,68,freethrow,1,PT06M18.00S,06:18,Q1 06:18,12,9,1610612742.0,Doncic,Doncic Free Throw 1 of 2 (4 PTS),foul,freethrow,3,Low
21900162,73,freethrow,1,PT06M18.00S,06:18,Q1 06:18,12,9,1610612742.0,Doncic,MISS Doncic Free Throw 2 of 2,freethrow,substitution,3,Low
21900162,69,substitution,1,PT06M18.00S,06:18,Q1 06:18,12,8,1610612752.0,Ntilikina,SUB out: F. Ntilikina,freethrow,substitution,4,Low
21900162,70,substitution,1,PT06M18.00S,06:18,Q1 06:18,12,8,1610612752.0,Gibson,SUB out: T. Gibson,substitution,substitution,4,Low
21900162,71,substitution,1,PT06M18.00S,06:18,Q1 06:18,12,8,1610612752.0,Smith Jr.,SUB in: D. Smith Jr.,substitution,substitution,4,Low
21900162,72,substitution,1,PT06M18.00S,06:18,Q1 06:18,12,8,1610612752.0,Robinson,SUB in: M. Robinson,substitution,rebound,4,Low
21900162,74,rebound,1,PT06M16.00S,06:16,Q1 06:16,12,9,1610612752.0,Randle,Randle REBOUND (Off:2 Def:1),substitution,2pt made,3,Low
21900162,75,2pt,1,PT06M04.00S,06:04,Q1 06:04,14,9,1610612752.0,Robinson,Robinson 1' Dunk (2 PTS) (Smith Jr. 1 AST),rebound,3pt missed,5,Low
21900162,77,3pt,1,PT05M45.00S,05:45,Q1 05:45,14,9,1610612742.0,Finney-Smith,MISS Finney-Smith 27' 3PT Jump Shot,2pt made,rebound,5,Low
21900162,78,rebound,1,PT05M44.00S,05:44,Q1 05:44,14,9,1610612742.0,Doncic,Doncic REBOUND (Off:1 Def:1),3pt missed,2pt made,5,Low
21900162,79,2pt,1,PT05M44.00S,05:44,Q1 05:44,14,11,1610612742.0,Doncic,Doncic Putback Layup (6 PTS),rebound,foul,3,Low
21900162,80,foul,1,PT05M44.00S,05:44,Q1 05:44,14,11,1610612752.0,Morris Sr.,Morris Sr. S.FOUL (P1.PN) (T.Washington),2pt made,freethrow,3,Low
21900162,82,freethrow,1,PT05M44.00S,05:44,Q1 05:44,14,11,1610612742.0,Doncic,MISS Doncic Free Throw 1 of 1,foul,rebound,3,Low
21900162,83,rebound,1,PT05M42.00S,05:42,Q1 05:42,14,11,1610612752.0,Randle,Randle REBOUND (Off:2 Def:2),freethrow,foul,3,Low
21900162,84,foul,1,PT05M30.00S,05:30,Q1 05:30,14,11,1610612752.0,Randle,Randle Offensive Charge Foul (P1.PN) (T.Washington),rebound,turnover,3,Low
21900162,86,turnover,1,PT05M30.00S,05:30,Q1 05:30,14,11,1610612752.0,Randle,Randle Offensive Foul Turnover (P1.T2),foul,substitution,3,Low
21900162,87,substitution,1,PT05M30.00S,05:30,Q1 05:30,14,11,1610612752.0,Morris Sr.,SUB out: M. Morris Sr.,turnover,substitution,3,Low
21900162,88,substitution,1,PT05M30.00S,05:30,Q1 05:30,14,11,1610612752.0,Knox II,SUB in: K. Knox II,substitution,3pt missed,3,Low
21900162,89,3pt,1,PT05M14.00S,05:14,Q1 05:14,14,11,1610612742.0,Doncic,MISS Doncic 29' 3PT Jump Shot,substitution,rebound,3,Low
21900162,90,rebound,1,PT05M12.00S,05:12,Q1 05:12,14,11,1610612752.0,Barrett,Barrett REBOUND (Off:0 Def:3),3pt missed,3pt missed,3,Low
21900162,91,3pt,1,PT05M04.00S,05:04,Q1 05:04,14,11,1610612752.0,Randle,MISS Randle 25' 3PT Jump Shot,rebound,rebound,3,Low
21900162,92,rebound,1,PT05M02.00S,05:02,Q1 05:02,14,11,1610612742.0,Finney-Smith,Finney-Smith REBOUND (Off:0 Def:1),3pt missed,2pt missed,3,Low
21900162,93,2pt,1,PT04M46.00S,04:46,Q1 04:46,14,11,1610612742.0,Powell,MISS Powell 1' Alley Oop Layup,rebound,rebound,3,Low
21900162,94,rebound,1,PT04M45.00S,04:45,Q1 04:45,14,11,1610612742.0,Powell,Powell REBOUND (Off:1 Def:0),2pt missed,2pt missed,3,Low
21900162,95,2pt,1,PT04M44.00S,04:44,Q1 04:44,14,11,1610612742.0,Powell,MISS Powell 1' Layup,rebound,rebound,3,Low
21900162,96,rebound,1,PT04M42.00S,04:42,Q1 04:42,14,11,1610612752.0,Randle,Randle REBOUND (Off:2 Def:3),2pt missed,turnover,3,Low
21900162,97,turnover,1,PT04M22.00S,04:22,Q1 04:22,14,11,1610612752.0,Barrett,Barrett Bad Pass Turnover (P2.T3),rebound,steal,3,Low
21900162,97,steal,1,PT04M22.00S,04:22,Q1 04:22,14,11,1610612742.0,Porzingis,Porzingis STEAL (1 STL),turnover,2pt missed,3,Low
21900162,99,2pt,1,PT04M15.00S,04:15,Q1 04:15,14,11,1610612742.0,Doncic,MISS Doncic 2' Driving Floating Jump Shot,steal,rebound,3,Low
21900162,100,rebound,1,PT04M13.00S,04:13,Q1 04:13,14,11,1610612752.0,Robinson,Robinson REBOUND (Off:0 Def:1),2pt missed,foul,3,Low
21900162,101,foul,1,PT04M12.00S,04:12,Q1 04:12,14,11,1610612742.0,Finney-Smith,Finney-Smith P.FOUL (P1.T2) (R.Acosta),rebound,substitution,3,Low
21900162,103,substitution,1,PT04M12.00S,04:12,Q1 04:12,14,11,1610612752.0,Barrett,SUB out: R. Barrett,foul,substitution,3,Low
21900162,104,substitution,1,PT04M12.00S,04:12,Q1 04:12,14,11,1610612752.0,Randle,SUB out: J. Randle,substitution,substitution,3,Low
21900162,105,substitution,1,PT04M12.00S,04:12,Q1 04:12,14,11,1610612742.0,Porzingis,SUB out: K. Porzingis,substitution,substitution,3,Low
21900162,106,substitution,1,PT04M12.00S,04:12,Q1 04:12,14,11,1610612742.0,Powell,SUB out: D. Powell,substitution,substitution,3,Low
21900162,107,substitution,1,PT04M12.00S,04:12,Q1 04:12,14,11,1610612742.0,Curry,SUB out: S. Curry,substitution,substitution,3,Low
21900162,108,substitution,1,PT04M12.00S,04:12,Q1 04:12,14,11,1610612752.0,Portis,SUB in: B. Portis,substitution,substitution,3,Low
21900162,109,substitution,1,PT04M12.00S,04:12,Q1 04:12,14,11,1610612752.0,Dotson,SUB in: D. Dotson,substitution,substitution,3,Low
21900162,110,substitution,1,PT04M12.00S,04:12,Q1 04:12,14,11,1610612742.0,Marjanovic,SUB in: B. Marjanovic,substitution,substitution,3,Low
21900162,111,substitution,1,PT04M12.00S,04:12,Q1 04:12,14,11,1610612742.0,Kleber,SUB in: M. Kleber,substitution,substitution,3,Low
21900162,112,substitution,1,PT04M12.00S,04:12,Q1 04:12,14,11,1610612742.0,Wright,SUB in: D. Wright,substitution,turnover,3,Low
21900162,113,turnover,1,PT04M03.00S,04:03,Q1 04:03,14,11,1610612752.0,Smith Jr.,Smith Jr. Bad Pass Turnover (P1.T4),substitution,steal,3,Low
21900162,113,steal,1,PT04M03.00S,04:03,Q1 04:03,14,11,1610612742.0,Wright,Wright STEAL (1 STL),turnover,foul,3,Low
21900162,115,foul,1,PT03M55.00S,03:55,Q1 03:55,14,11,1610612752.0,Dotson,Dotson S.FOUL (P1.PN) (R.Acosta),steal,freethrow,3,Low
21900162,117,freethrow,1,PT03M55.00S,03:55,Q1 03:55,14,12,1610612742.0,Doncic,Doncic Free Throw 1 of 2 (7 PTS),foul,freethrow,2,Low
21900162,120,freethrow,1,PT03M55.00S,03:55,Q1 03:55,14,13,1610612742.0,Doncic,Doncic Free Throw 2 of 2 (8 PTS),freethrow,substitution,1,Low
21900162,118,substitution,1,PT03M55.00S,03:55,Q1 03:55,14,11,1610612742.0,Finney-Smith,SUB out: D. Finney-Smith,freethrow,substitution,3,Low
21900162,119,substitution,1,PT03M55.00S,03:55,Q1 03:55,14,11,1610612742.0,Hardaway Jr.,SUB in: T. Hardaway Jr.,substitution,2pt made,3,Low
21900162,121,2pt,1,PT03M41.00S,03:41,Q1 03:41,16,13,1610612752.0,Smith Jr.,Smith Jr. 6' Jump Shot (2 PTS),substitution,foul,3,Low
21900162,122,foul,1,PT03M26.00S,03:26,Q1 03:26,16,13,1610612752.0,Portis,KNICKS T.Foul (Def. 3 Sec Portis ) (R.Acosta),2pt made,freethrow,3,Low
21900162,123,freethrow,1,PT03M26.00S,03:26,Q1 03:26,16,14,1610612742.0,Doncic,Doncic Free Throw Technical (9 PTS),foul,3pt missed,2,Low
21900162,124,3pt,1,PT03M17.00S,03:17,Q1 03:17,16,14,1610612742.0,Kleber,MISS Kleber 24' 3PT Jump Shot,freethrow,rebound,2,Low
21900162,125,rebound,1,PT03M15.00S,03:15,Q1 03:15,16,14,1610612742.0,Kleber,Kleber REBOUND (Off:1 Def:0),3pt missed,3pt made,2,Low
21900162,126,3pt,1,PT03M10.00S,03:10,Q1 03:10,16,17,1610612742.0,Hardaway Jr.,Hardaway Jr. 3PT Jump Shot (3 PTS) (Doncic 2 AST),rebound,2pt made,1,Low
21900162,128,2pt,1,PT02M56.00S,02:56,Q1 02:56,18,17,1610612752.0,Portis,Portis 11' Driving Floating Jump Shot (2 PTS) (Dotson 1 AST),3pt made,3pt missed,1,Low
21900162,130,3pt,1,PT02M47.00S,02:47,Q1 02:47,18,17,1610612742.0,Doncic,MISS Doncic 32' 3PT Jump Shot,2pt made,rebound,1,Low
21900162,131,rebound,1,PT02M45.00S,02:45,Q1 02:45,18,17,1610612752.0,Dotson,Dotson REBOUND (Off:0 Def:1),3pt missed,2pt missed,1,Low
21900162,132,2pt,1,PT02M32.00S,02:32,Q1 02:32,18,17,1610612752.0,Portis,MISS Portis 17' Jump Shot,rebound,rebound,1,Low
21900162,133,rebound,1,PT02M31.00S,02:31,Q1 02:31,18,17,1610612742.0,Wright,Wright REBOUND (Off:0 Def:1),2pt missed,turnover,1,Low
21900162,134,turnover,1,PT02M26.00S,02:26,Q1 02:26,18,17,1610612742.0,Wright,Wright Lost Ball Turnover (P1.T2),rebound,steal,1,Low
21900162,134,steal,1,PT02M26.00S,02:26,Q1 02:26,18,17,1610612752.0,Dotson,Dotson STEAL (1 STL),turnover,2pt made,1,Low
21900162,136,2pt,1,PT02M22.00S,02:22,Q1 02:22,20,17,1610612752.0,Dotson,Dotson 2' Driving Layup (2 PTS),steal,turnover,3,Low
21900162,137,turnover,1,PT02M00.00S,02:00,Q1 02:00,20,17,1610612742.0,Kleber,Kleber Bad Pass Turnover (P1.T3),2pt made,steal,3,Low
21900162,137,steal,1,PT02M00.00S,02:00,Q1 02:00,20,17,1610612752.0,Dotson,Dotson STEAL (2 STL),turnover,3pt missed,3,Low
21900162,139,3pt,1,PT01M55.00S,01:55,Q1 01:55,20,17,1610612752.0,Dotson,MISS Dotson 25' 3PT Pullup Jump Shot,steal,rebound,3,Low
21900162,140,rebound,1,PT01M53.00S,01:53,Q1 01:53,20,17,1610612752.0,,TEAM offensive REBOUND,3pt missed,timeout,3,Low
21900162,142,timeout,1,PT01M53.00S,01:53,Q1 01:53,20,17,1610612752.0,,KNICKS Timeout: Regular (Full 1 Short 0),rebound,3pt made,3,Low
21900162,143,3pt,1,PT01M39.00S,01:39,Q1 01:39,23,17,1610612752.0,Smith Jr.,Smith Jr. 29' 3PT Jump Shot (5 PTS),timeout,2pt missed,6,Low
21900162,144,2pt,1,PT01M15.00S,01:15,Q1 01:15,23,17,1610612742.0,Kleber,MISS Kleber 3' Layup,3pt made,block,6,Low
21900162,144,block,1,PT01M15.00S,01:15,Q1 01:15,23,17,1610612752.0,Robinson,Robinson BLOCK (1 BLK),2pt missed,rebound,6,Low
21900162,146,rebound,1,PT01M13.00S,01:13,Q1 01:13,23,17,1610612752.0,Robinson,Robinson REBOUND (Off:0 Def:2),block,2pt missed,6,Low
21900162,147,2pt,1,PT01M07.00S,01:07,Q1 01:07,23,17,1610612752.0,Portis,MISS Portis 2' Layup,rebound,rebound,6,Low
21900162,148,rebound,1,PT01M05.00S,01:05,Q1 01:05,23,17,1610612752.0,Robinson,Robinson REBOUND (Off:1 Def:2),2pt missed,2pt made,6,Low
21900162,149,2pt,1,PT01M04.00S,01:04,Q1 01:04,25,17,1610612752.0,Robinson,Robinson 2' Putback Layup (4 PTS),rebound,3pt missed,8,Low
21900162,150,3pt,1,PT00M45.70S,00:45,Q1 00:45,25,17,1610612742.0,Kleber,MISS Kleber 3PT Jump Shot,2pt made,rebound,8,Low
21900162,151,rebound,1,PT00M44.10S,00:44,Q1 00:44,25,17,1610612742.0,Marjanovic,Marjanovic REBOUND (Off:1 Def:0),3pt missed,2pt made,8,Low
21900162,152,2pt,1,PT00M44.10S,00:44,Q1 00:44,25,19,1610612742.0,Marjanovic,Marjanovic 2' Layup (2 PTS),rebound,2pt made,6,Low
21900162,153,2pt,1,PT00M30.40S,00:30,Q1 00:30,27,19,1610612752.0,Knox II,Knox II 7' Driving Floating Jump Shot (2 PTS),2pt made,2pt made,8,Low
21900162,154,2pt,1,PT00M14.70S,00:14,Q1 00:14,27,21,1610612742.0,Doncic,Doncic 2' Cutting Layup Shot (11 PTS) (Marjanovic 1 AST),2pt made,3pt missed,6,Low
21900162,156,3pt,1,PT00M03.50S,00:03,Q1 00:03,27,21,1610612752.0,Smith Jr.,MISS Smith Jr. 28' 3PT Jump Shot,2pt made,rebound,6,Low
21900162,157,rebound,1,PT00M01.50S,00:01,Q1 00:01,27,21,1610612742.0,Doncic,Doncic REBOUND (Off:1 Def:2),3pt missed,foul,6,Low
21900162,158,foul,1,PT00M01.50S,00:01,Q1 00:01,27,21,1610612752.0,Smith Jr.,Smith Jr. P.FOUL (P1.PN) (R.Acosta),rebound,freethrow,6,Low
21900162,160,freethrow,1,PT00M01.50S,00:01,Q1 00:01,27,22,1610612742.0,Doncic,Doncic Free Throw 1 of 2 (12 PTS),foul,freethrow,5,Low
21900162,161,freethrow,1,PT00M01.50S,00:01,Q1 00:01,27,23,1610612742.0,Doncic,Doncic Free Throw 2 of 2 (13 PTS),freethrow,period,4,Low
21900162,162,period,1,PT00M00.00S,00:00,Q1 00:00,27,23,1610612752.0,,End of 1st Period (8:44 PM EST),freethrow,period,4,Low
21900162,165,period,2,PT12M00.00S,12:00,Q2 12:00,27,23,1610612752.0,,Start of 2nd Period (8:47 PM EST),period,substitution,4,Low
21900162,166,2pt,2,PT11M36.00S,11:36,Q2 11:36,27,23,1610612752.0,Smith Jr.,MISS Smith Jr. 12' Fadeaway Jumper,substitution,rebound,4,Low
21900162,167,rebound,2,PT11M34.00S,11:34,Q2 11:34,27,23,1610612742.0,Marjanovic,Marjanovic REBOUND (Off:1 Def:1),2pt missed,2pt made,4,Low
21900162,168,2pt,2,PT11M21.00S,11:21,Q2 11:21,27,25,1610612742.0,Marjanovic,Marjanovic 1' Layup (4 PTS) (Brunson 1 AST),rebound,foul,2,Low
21900162,170,foul,2,PT11M21.00S,11:21,Q2 11:21,27,25,1610612752.0,Robinson,Robinson S.FOUL (P1.T1) (D.Collins),2pt made,freethrow,2,Low
21900162,172,freethrow,2,PT11M21.00S,11:21,Q2 11:21,27,26,1610612742.0,Marjanovic,Marjanovic Free Throw 1 of 1 (5 PTS),foul,3pt missed,1,Low
21900162,173,3pt,2,PT11M13.00S,11:13,Q2 11:13,27,26,1610612752.0,Dotson,MISS Dotson 27' 3PT Jump Shot,freethrow,rebound,1,Low
21900162,174,rebound,2,PT11M11.00S,11:11,Q2 11:11,27,26,1610612742.0,Marjanovic,Marjanovic REBOUND (Off:1 Def:2),3pt missed,3pt missed,1,Low
21900162,175,3pt,2,PT11M00.00S,11:00,Q2 11:00,27,26,1610612742.0,Hardaway Jr.,MISS Hardaway Jr. 26' 3PT Jump Shot,rebound,rebound,1,Low
21900162,176,rebound,2,PT10M58.00S,10:58,Q2 10:58,27,26,1610612752.0,Knox II,Knox II REBOUND (Off:0 Def:1),3pt missed,foul,1,Low
21900162,177,foul,2,PT10M57.00S,10:57,Q2 10:57,27,26,1610612742.0,Marjanovic,Marjanovic P.FOUL (P1.T1) (R.Acosta),rebound,3pt made,1,Low
21900162,179,3pt,2,PT10M39.00S,10:39,Q2 10:39,30,26,1610612752.0,Portis,Portis 24' 3PT Jump Shot (5 PTS) (Dotson 2 AST),foul,2pt made,4,Low
21900162,181,2pt,2,PT10M18.00S,10:18,Q2 10:18,30,28,1610612742.0,Hardaway Jr.,Hardaway Jr. 17' Jump Shot (5 PTS) (Wright 1 AST),3pt made,3pt missed,2,Low
21900162,183,3pt,2,PT10M02.00S,10:02,Q2 10:02,30,28,1610612752.0,Dotson,MISS Dotson 25' 3PT Jump Shot,2pt made,rebound,2,Low
21900162,184,rebound,2,PT10M02.00S,10:02,Q2 10:02,30,28,1610612752.0,,TEAM offensive REBOUND,3pt missed,foul,2,Low
21900162,186,foul,2,PT10M02.00S,10:02,Q2 10:02,30,28,1610612742.0,Marjanovic,Marjanovic L.B.FOUL (P2.T2) (D.Collins),rebound,substitution,2,Low
21900162,188,substitution,2,PT10M02.00S,10:02,Q2 10:02,30,28,1610612752.0,Knox II,SUB out: K. Knox II,foul,substitution,2,Low
21900162,189,substitution,2,PT10M02.00S,10:02,Q2 10:02,30,28,1610612742.0,Marjanovic,SUB out: B. Marjanovic,substitution,substitution,2,Low
21900162,190,substitution,2,PT10M02.00S,10:02,Q2 10:02,30,28,1610612752.0,Morris Sr.,SUB in: M. Morris Sr.,substitution,substitution,2,Low
21900162,191,substitution,2,PT10M02.00S,10:02,Q2 10:02,30,28,1610612742.0,Porzingis,SUB in: K. Porzingis,substitution,2pt missed,2,Low
21900162,192,2pt,2,PT09M53.00S,09:53,Q2 09:53,30,28,1610612752.0,Smith Jr.,MISS Smith Jr. 6' Turnaround Fadeaway Shot,substitution,rebound,2,Low
21900162,193,rebound,2,PT09M51.00S,09:51,Q2 09:51,30,28,1610612752.0,Smith Jr.,Smith Jr. REBOUND (Off:1 Def:0),2pt missed,2pt made,2,Low
21900162,194,2pt,2,PT09M43.00S,09:43,Q2 09:43,32,28,1610612752.0,Robinson,Robinson 1' Alley Oop Dunk (6 PTS) (Smith Jr. 2 AST),rebound,foul,4,Low
21900162,196,foul,2,PT09M38.00S,09:38,Q2 09:38,32,28,1610612752.0,Morris Sr.,Morris Sr. S.FOUL (P2.T2) (T.Washington),2pt made,freethrow,4,Low
21900162,198,freethrow,2,PT09M38.00S,09:38,Q2 09:38,32,29,1610612742.0,Wright,Wright Free Throw 1 of 2 (1 PTS),foul,freethrow,3,Low
21900162,199,freethrow,2,PT09M38.00S,09:38,Q2 09:38,32,30,1610612742.0,Wright,Wright Free Throw 2 of 2 (2 PTS),freethrow,3pt made,2,Low
21900162,200,3pt,2,PT09M21.00S,09:21,Q2 09:21,35,30,1610612752.0,Smith Jr.,Smith Jr. 26' 3PT Jump Shot (8 PTS) (Dotson 3 AST),freethrow,2pt missed,5,Low
21900162,202,2pt,2,PT09M07.00S,09:07,Q2 09:07,35,30,1610612742.0,Porzingis,MISS Porzingis 2' Driving Layup,3pt made,rebound,5,Low
21900162,203,rebound,2,PT09M06.00S,09:06,Q2 09:06,35,30,1610612752.0,Portis,Portis REBOUND (Off:0 Def:1),2pt missed,3pt made,5,Low
21900162,204,3pt,2,PT09M01.00S,09:01,Q2 09:01,38,30,1610612752.0,Morris Sr.,Morris Sr. 26' 3PT Jump Shot (3 PTS) (Smith Jr. 3 AST),rebound,timeout,8,Low
21900162,206,timeout,2,PT09M00.00S,09:00,Q2 09:00,38,30,1610612742.0,,Mavericks Timeout: Regular (Reg.2 Short 0),3pt made,3pt missed,8,Low
21900162,208,3pt,2,PT08M40.00S,08:40,Q2 08:40,38,30,1610612742.0,Porzingis,MISS Porzingis 27' 3PT Jump Shot,timeout,rebound,8,Low
21900162,209,rebound,2,PT08M38.00S,08:38,Q2 08:38,38,30,1610612752.0,Robinson,Robinson REBOUND (Off:1 Def:3),3pt missed,2pt missed,8,Low
21900162,210,2pt,2,PT08M24.00S,08:24,Q2 08:24,38,30,1610612752.0,Robinson,MISS Robinson 1' Alley Oop Dunk,rebound,rebound,8,Low
21900162,211,rebound,2,PT08M22.00S,08:22,Q2 08:22,38,30,1610612742.0,Porzingis,Porzingis REBOUND (Off:0 Def:3),2pt missed,3pt missed,8,Low
21900162,212,3pt,2,PT08M15.00S,08:15,Q2 08:15,38,30,1610612742.0,Brunson,MISS Brunson 26' 3PT Jump Shot,rebound,rebound,8,Low
21900162,213,rebound,2,PT08M13.00S,08:13,Q2 08:13,38,30,1610612742.0,Porzingis,Porzingis REBOUND (Off:1 Def:3),3pt missed,2pt made,8,Low
21900162,214,2pt,2,PT08M13.00S,08:13,Q2 08:13,38,32,1610612742.0,Porzingis,Porzingis 1' Putback Layup (5 PTS),rebound,foul,6,Low
21900162,215,foul,2,PT08M04.00S,08:04,Q2 08:04,38,32,1610612742.0,Kleber,Kleber S.FOUL (P1.T3) (R.Acosta),2pt made,freethrow,6,Low
21900162,217,freethrow,2,PT08M04.00S,08:04,Q2 08:04,39,32,1610612752.0,Robinson,Robinson Free Throw 1 of 2 (7 PTS),foul,freethrow,7,Low
21900162,220,freethrow,2,PT08M04.00S,08:04,Q2 08:04,40,32,1610612752.0,Robinson,Robinson Free Throw 2 of 2 (8 PTS),freethrow,substitution,8,Low
21900162,218,substitution,2,PT08M04.00S,08:04,Q2 08:04,38,32,1610612752.0,Dotson,SUB out: D. Dotson,freethrow,substitution,6,Low
21900162,219,substitution,2,PT08M04.00S,08:04,Q2 08:04,38,32,1610612752.0,Barrett,SUB in: R. Barrett,substitution,turnover,6,Low
21900162,221,turnover,2,PT07M39.00S,07:39,Q2 07:39,40,32,0.0,,Mavericks Turnover: Shot Clock (T#4),substitution,substitution,8,Low
21900162,222,substitution,2,PT07M39.00S,07:39,Q2 07:39,40,32,1610612752.0,Robinson,SUB out: M. Robinson,turnover,substitution,8,Low
21900162,223,substitution,2,PT07M39.00S,07:39,Q2 07:39,40,32,1610612752.0,Gibson,SUB in: T. Gibson,substitution,foul,8,Low
21900162,224,foul,2,PT07M34.00S,07:34,Q2 07:34,40,32,1610612752.0,Gibson,Gibson OFF.Foul (P2) (D.Collins),substitution,turnover,8,Low
21900162,226,turnover,2,PT07M34.00S,07:34,Q2 07:34,40,32,1610612752.0,Gibson,Gibson Offensive Foul Turnover (P1.T5),foul,substitution,8,Low
21900162,227,substitution,2,PT07M34.00S,07:34,Q2 07:34,40,32,1610612742.0,Kleber,SUB out: M. Kleber,turnover,substitution,8,Low
21900162,228,substitution,2,PT07M34.00S,07:34,Q2 07:34,40,32,1610612742.0,Powell,SUB in: D. Powell,substitution,foul,8,Low
21900162,229,foul,2,PT07M22.00S,07:22,Q2 07:22,40,32,1610612752.0,Barrett,Barrett S.FOUL (P2.T3) (D.Collins),substitution,freethrow,8,Low
21900162,231,freethrow,2,PT07M22.00S,07:22,Q2 07:22,40,33,1610612742.0,Hardaway Jr.,Hardaway Jr. Free Throw 1 of 2 (6 PTS),foul,freethrow,7,Low
21900162,236,freethrow,2,PT07M22.00S,07:22,Q2 07:22,40,33,1610612742.0,Hardaway Jr.,MISS Hardaway Jr. Free Throw 2 of 2,freethrow,substitution,7,Low
21900162,232,substitution,2,PT07M22.00S,07:22,Q2 07:22,40,32,1610612752.0,Portis,SUB out: B. Portis,freethrow,substitution,8,Low
21900162,233,substitution,2,PT07M22.00S,07:22,Q2 07:22,40,32,1610612752.0,Smith Jr.,SUB out: D. Smith Jr.,substitution,substitution,8,Low
21900162,234,substitution,2,PT07M22.00S,07:22,Q2 07:22,40,32,1610612752.0,Ntilikina,SUB in: F. Ntilikina,substitution,substitution,8,Low
21900162,235,substitution,2,PT07M22.00S,07:22,Q2 07:22,40,32,1610612752.0,Randle,SUB in: J. Randle,substitution,rebound,8,Low
21900162,237,rebound,2,PT07M20.00S,07:20,Q2 07:20,40,33,1610612742.0,Porzingis,Porzingis REBOUND (Off:2 Def:3),substitution,2pt made,7,Low
21900162,238,2pt,2,PT07M20.00S,07:20,Q2 07:20,40,35,1610612742.0,Porzingis,Porzingis 1' Tip Layup Shot (7 PTS),rebound,2pt missed,5,Low
21900162,239,2pt,2,PT07M04.00S,07:04,Q2 07:04,40,35,1610612752.0,Morris Sr.,MISS Morris Sr. 6' Turnaround Fadeaway Shot,2pt made,rebound,5,Low
21900162,240,rebound,2,PT07M02.00S,07:02,Q2 07:02,40,35,1610612742.0,Powell,Powell REBOUND (Off:1 Def:1),2pt missed,foul,5,Low
21900162,241,foul,2,PT06M57.00S,06:57,Q2 06:57,40,35,1610612752.0,Gibson,Gibson P.FOUL (P3.T4) (R.Acosta),rebound,3pt missed,5,Low
21900162,243,3pt,2,PT06M54.00S,06:54,Q2 06:54,40,35,1610612742.0,Porzingis,MISS Porzingis 28' 3PT Jump Shot,foul,rebound,5,Low
21900162,244,rebound,2,PT06M52.00S,06:52,Q2 06:52,40,35,1610612752.0,Ntilikina,Ntilikina REBOUND (Off:1 Def:1),3pt missed,3pt made,5,Low
21900162,245,3pt,2,PT06M38.00S,06:38,Q2 06:38,43,35,1610612752.0,Ntilikina,Ntilikina 27' 3PT Jump Shot (3 PTS) (Randle 1 AST),rebound,2pt made,8,Low
21900162,247,2pt,2,PT06M20.00S,06:20,Q2 06:20,43,37,1610612742.0,Brunson,Brunson 1' Driving Layup (2 PTS),3pt made,2pt missed,6,Low
21900162,248,2pt,2,PT06M07.00S,06:07,Q2 06:07,43,37,1610612752.0,Barrett,MISS Barrett 13' Running Jump Shot,2pt made,rebound,6,Low
21900162,249,rebound,2,PT06M05.00S,06:05,Q2 06:05,43,37,1610612742.0,Powell,Powell REBOUND (Off:1 Def:2),2pt missed,turnover,6,Low
21900162,250,turnover,2,PT05M52.00S,05:52,Q2 05:52,43,37,1610612742.0,Wright,Wright Bad Pass Turnover (P2.T5),rebound,steal,6,Low
21900162,250,steal,2,PT05M52.00S,05:52,Q2 05:52,43,37,1610612752.0,Morris Sr.,Morris Sr. STEAL (1 STL),turnover,2pt missed,6,Low
21900162,252,2pt,2,PT05M46.00S,05:46,Q2 05:46,43,37,1610612752.0,Morris Sr.,MISS Morris Sr. 2' Driving Layup,steal,block,6,Low
21900162,252,block,2,PT05M46.00S,05:46,Q2 05:46,43,37,1610612742.0,Porzingis,Porzingis BLOCK (2 BLK),2pt missed,rebound,6,Low
21900162,254,rebound,2,PT05M44.00S,05:44,Q2 05:44,43,37,1610612752.0,Randle,Randle REBOUND (Off:3 Def:3),block,turnover,6,Low
21900162,272,turnover,2,PT05M43.00S,05:43,Q2 05:43,43,37,1610612752.0,Randle,Randle Lost Ball Turnover (P2.T6),rebound,steal,6,Low
21900162,272,steal,2,PT05M43.00S,05:43,Q2 05:43,43,37,1610612742.0,Wright,Wright STEAL (2 STL),turnover,foul,6,Low
21900162,255,foul,2,PT05M39.00S,05:39,Q2 05:39,43,37,1610612752.0,Ntilikina,Ntilikina P.FOUL (P3.PN) (D.Collins),steal,freethrow,6,Low
21900162,257,freethrow,2,PT05M39.00S,05:39,Q2 05:39,43,37,1610612742.0,Brunson,MISS Brunson Free Throw 1 of 2,foul,rebound,6,Low
21900162,258,rebound,2,PT05M39.00S,05:39,Q2 05:39,43,37,1610612742.0,,TEAM offensive REBOUND,freethrow,freethrow,6,Low
21900162,265,freethrow,2,PT05M39.00S,05:39,Q2 05:39,43,38,1610612742.0,Brunson,Brunson Free Throw 2 of 2 (3 PTS),rebound,substitution,5,Low
21900162,259,substitution,2,PT05M39.00S,05:39,Q2 05:39,43,37,1610612752.0,Gibson,SUB out: T. Gibson,freethrow,substitution,6,Low
21900162,260,substitution,2,PT05M39.00S,05:39,Q2 05:39,43,37,1610612752.0,Ntilikina,SUB out: F. Ntilikina,substitution,substitution,6,Low
21900162,261,substitution,2,PT05M39.00S,05:39,Q2 05:39,43,37,1610612742.0,Wright,SUB out: D. Wright,substitution,substitution,6,Low
21900162,262,substitution,2,PT05M39.00S,05:39,Q2 05:39,43,37,1610612752.0,Smith Jr.,SUB in: D. Smith Jr.,substitution,substitution,6,Low
21900162,263,substitution,2,PT05M39.00S,05:39,Q2 05:39,43,37,1610612752.0,Robinson,SUB in: M. Robinson,substitution,substitution,6,Low
21900162,264,substitution,2,PT05M39.00S,05:39,Q2 05:39,43,37,1610612742.0,Doncic,SUB in: L. Doncic,substitution,2pt missed,6,Low
21900162,266,2pt,2,PT05M19.00S,05:19,Q2 05:19,43,38,1610612752.0,Randle,MISS Randle 9' Turnaround Jump Shot,substitution,rebound,5,Low
21900162,267,rebound,2,PT05M18.00S,05:18,Q2 05:18,43,38,1610612752.0,Smith Jr.,Smith Jr. REBOUND (Off:2 Def:0),2pt missed,foul,5,Low
21900162,268,foul,2,PT05M18.00S,05:18,Q2 05:18,43,38,1610612742.0,Hardaway Jr.,Hardaway Jr. P.FOUL (P1.T4) (D.Collins),rebound,foul,5,Low
21900162,270,foul,2,PT05M17.00S,05:17,Q2 05:17,43,38,1610612742.0,Powell,Powell AWAY.FROM.PLAY.FOUL (P1.PN) (D.Collins),foul,instant replay,5,Low
21900162,275,freethrow,2,PT05M17.00S,05:17,Q2 05:17,44,38,1610612752.0,Morris Sr.,Morris Sr. Free Throw 1 of 1 (4 PTS),instant replay,2pt missed,6,Low
21900162,276,2pt,2,PT05M06.00S,05:06,Q2 05:06,44,38,1610612752.0,Morris Sr.,MISS Morris Sr. 14' Floating Jump Shot,freethrow,rebound,6,Low
21900162,277,rebound,2,PT05M03.00S,05:03,Q2 05:03,44,38,1610612742.0,Hardaway Jr.,Hardaway Jr. REBOUND (Off:0 Def:1),2pt missed,3pt missed,6,Low
21900162,278,3pt,2,PT04M57.00S,04:57,Q2 04:57,44,38,1610612742.0,Hardaway Jr.,MISS Hardaway Jr. 26' 3PT Jump Shot,rebound,rebound,6,Low
21900162,279,rebound,2,PT04M55.00S,04:55,Q2 04:55,44,38,1610612752.0,,TEAM defensive REBOUND,3pt missed,2pt made,6,Low
21900162,281,2pt,2,PT04M43.00S,04:43,Q2 04:43,46,38,1610612752.0,Robinson,Robinson 1' Alley Oop Dunk (10 PTS) (Barrett 1 AST),rebound,2pt made,8,Low
21900162,283,2pt,2,PT04M17.00S,04:17,Q2 04:17,46,40,1610612742.0,Porzingis,Porzingis 12' Jump Shot (9 PTS) (Doncic 3 AST),2pt made,2pt missed,6,Low
21900162,285,2pt,2,PT04M04.00S,04:04,Q2 04:04,46,40,1610612752.0,Barrett,MISS Barrett 19' Jump Shot,2pt made,rebound,6,Low
21900162,286,rebound,2,PT04M02.00S,04:02,Q2 04:02,46,40,1610612742.0,Porzingis,Porzingis REBOUND (Off:2 Def:4),2pt missed,2pt missed,6,Low
21900162,287,2pt,2,PT03M52.00S,03:52,Q2 03:52,46,40,1610612742.0,Powell,MISS Powell 1' Cutting Layup Shot,rebound,rebound,6,Low
21900162,288,rebound,2,PT03M50.00S,03:50,Q2 03:50,46,40,1610612752.0,Randle,Randle REBOUND (Off:3 Def:4),2pt missed,3pt missed,6,Low
21900162,289,3pt,2,PT03M43.00S,03:43,Q2 03:43,46,40,1610612752.0,Smith Jr.,MISS Smith Jr. 24' 3PT Jump Shot,rebound,rebound,6,Low
21900162,290,rebound,2,PT03M41.00S,03:41,Q2 03:41,46,40,1610612742.0,Doncic,Doncic REBOUND (Off:1 Def:3),3pt missed,2pt made,6,Low
21900162,291,2pt,2,PT03M34.00S,03:34,Q2 03:34,46,42,1610612742.0,Porzingis,Porzingis 1' Cutting Finger Roll Layup Shot (11 PTS) (Doncic 4 AST),rebound,turnover,4,Low
21900162,293,turnover,2,PT03M26.00S,03:26,Q2 03:26,46,42,1610612752.0,Smith Jr.,Smith Jr. Lost Ball Turnover (P2.T7),2pt made,steal,4,Low
21900162,293,steal,2,PT03M26.00S,03:26,Q2 03:26,46,42,1610612742.0,Brunson,Brunson STEAL (1 STL),turnover,3pt missed,4,Low
21900162,295,3pt,2,PT03M19.00S,03:19,Q2 03:19,46,42,1610612742.0,Porzingis,MISS Porzingis 26' 3PT Jump Shot,steal,rebound,4,Low
21900162,296,rebound,2,PT03M17.00S,03:17,Q2 03:17,46,42,1610612752.0,Robinson,Robinson REBOUND (Off:1 Def:4),3pt missed,timeout,4,Low
21900162,297,timeout,2,PT03M16.00S,03:16,Q2 03:16,46,42,1610612752.0,,KNICKS Timeout: Regular (Full 2 Short 0),rebound,substitution,4,Low
21900162,298,substitution,2,PT03M16.00S,03:16,Q2 03:16,46,42,1610612742.0,Hardaway Jr.,SUB out: T. Hardaway Jr.,timeout,substitution,4,Low
21900162,299,substitution,2,PT03M16.00S,03:16,Q2 03:16,46,42,1610612742.0,Brunson,SUB out: J. Brunson,substitution,substitution,4,Low
21900162,300,substitution,2,PT03M16.00S,03:16,Q2 03:16,46,42,1610612742.0,Porzingis,SUB out: K. Porzingis,substitution,substitution,4,Low
21900162,301,substitution,2,PT03M16.00S,03:16,Q2 03:16,46,42,1610612742.0,Powell,SUB out: D. Powell,substitution,substitution,4,Low
21900162,302,substitution,2,PT03M16.00S,03:16,Q2 03:16,46,42,1610612742.0,Marjanovic,SUB in: B. Marjanovic,substitution,substitution,4,Low
21900162,303,substitution,2,PT03M16.00S,03:16,Q2 03:16,46,42,1610612742.0,Finney-Smith,SUB in: D. Finney-Smith,substitution,substitution,4,Low
21900162,304,substitution,2,PT03M16.00S,03:16,Q2 03:16,46,42,1610612742.0,Kleber,SUB in: M. Kleber,substitution,substitution,4,Low
21900162,305,substitution,2,PT03M16.00S,03:16,Q2 03:16,46,42,1610612742.0,Curry,SUB in: S. Curry,substitution,foul,4,Low
21900162,306,foul,2,PT03M14.00S,03:14,Q2 03:14,46,42,1610612742.0,Curry,Curry P.FOUL (P2.PN) (R.Acosta),substitution,freethrow,4,Low
21900162,308,freethrow,2,PT03M14.00S,03:14,Q2 03:14,47,42,1610612752.0,Barrett,Barrett Free Throw 1 of 2 (3 PTS),foul,freethrow,5,Low
21900162,309,freethrow,2,PT03M14.00S,03:14,Q2 03:14,48,42,1610612752.0,Barrett,Barrett Free Throw 2 of 2 (4 PTS),freethrow,3pt missed,6,Low
21900162,310,3pt,2,PT02M59.00S,02:59,Q2 02:59,48,42,1610612742.0,Curry,MISS Curry 26' 3PT Jump Shot,freethrow,rebound,6,Low
21900162,311,rebound,2,PT02M57.00S,02:57,Q2 02:57,48,42,1610612752.0,Robinson,Robinson REBOUND (Off:1 Def:5),3pt missed,2pt missed,6,Low
21900162,312,2pt,2,PT02M42.00S,02:42,Q2 02:42,48,42,1610612752.0,Morris Sr.,MISS Morris Sr. 12' Jump Bank Shot,rebound,rebound,6,Low
21900162,313,rebound,2,PT02M40.00S,02:40,Q2 02:40,48,42,1610612742.0,Kleber,Kleber REBOUND (Off:1 Def:1),2pt missed,2pt made,6,Low
21900162,314,2pt,2,PT02M33.00S,02:33,Q2 02:33,48,44,1610612742.0,Marjanovic,Marjanovic 3' Reverse Layup (7 PTS) (Doncic 5 AST),rebound,foul,4,Low
21900162,316,foul,2,PT02M33.00S,02:33,Q2 02:33,48,44,1610612752.0,Robinson,Robinson S.FOUL (P2.PN) (R.Acosta),2pt made,freethrow,4,Low
21900162,318,freethrow,2,PT02M33.00S,02:33,Q2 02:33,48,45,1610612742.0,Marjanovic,Marjanovic Free Throw 1 of 1 (8 PTS),foul,2pt missed,3,Low
21900162,319,2pt,2,PT02M21.00S,02:21,Q2 02:21,48,45,1610612752.0,Barrett,MISS Barrett 2' Driving Layup,freethrow,rebound,3,Low
21900162,320,rebound,2,PT02M19.00S,02:19,Q2 02:19,48,45,1610612752.0,Robinson,Robinson REBOUND (Off:2 Def:5),2pt missed,2pt made,3,Low
21900162,321,2pt,2,PT02M19.00S,02:19,Q2 02:19,50,45,1610612752.0,Robinson,Robinson 1' Putback Dunk (12 PTS),rebound,2pt missed,5,Low
21900162,322,2pt,2,PT02M00.00S,02:00,Q2 02:00,50,45,1610612742.0,Doncic,MISS Doncic 15' Driving Floating Bank Jump Shot,2pt made,rebound,5,Low
21900162,323,rebound,2,PT01M58.00S,01:58,Q2 01:58,50,45,1610612752.0,Smith Jr.,Smith Jr. REBOUND (Off:2 Def:1),2pt missed,2pt made,5,Low
21900162,324,2pt,2,PT01M36.00S,01:36,Q2 01:36,52,45,1610612752.0,Barrett,Barrett 1' Driving Dunk (6 PTS),rebound,3pt missed,7,Low
21900162,325,3pt,2,PT01M21.00S,01:21,Q2 01:21,52,45,1610612742.0,Doncic,MISS Doncic 26' 3PT Jump Shot,2pt made,rebound,7,Low
21900162,326,rebound,2,PT01M19.00S,01:19,Q2 01:19,52,45,1610612752.0,Smith Jr.,Smith Jr. REBOUND (Off:2 Def:2),3pt missed,2pt made,7,Low
21900162,327,2pt,2,PT01M11.00S,01:11,Q2 01:11,54,45,1610612752.0,Robinson,Robinson 1' Alley Oop Dunk (14 PTS) (Smith Jr. 4 AST),rebound,timeout,9,Low
21900162,329,timeout,2,PT01M11.00S,01:11,Q2 01:11,54,45,1610612742.0,,Mavericks Timeout: Regular (Reg.3 Short 0),2pt made,substitution,9,Low
21900162,330,substitution,2,PT01M11.00S,01:11,Q2 01:11,54,45,1610612742.0,Marjanovic,SUB out: B. Marjanovic,timeout,substitution,9,Low
21900162,331,substitution,2,PT01M11.00S,01:11,Q2 01:11,54,45,1610612742.0,Kleber,SUB out: M. Kleber,substitution,substitution,9,Low
21900162,332,substitution,2,PT01M11.00S,01:11,Q2 01:11,54,45,1610612752.0,Morris Sr.,SUB out: M. Morris Sr.,substitution,substitution,9,Low
21900162,333,substitution,2,PT01M11.00S,01:11,Q2 01:11,54,45,1610612742.0,Porzingis,SUB in: K. Porzingis,substitution,substitution,9,Low
21900162,334,substitution,2,PT01M11.00S,01:11,Q2 01:11,54,45,1610612742.0,Powell,SUB in: D. Powell,substitution,substitution,9,Low
21900162,335,substitution,2,PT01M11.00S,01:11,Q2 01:11,54,45,1610612752.0,Knox II,SUB in: K. Knox II,substitution,3pt made,9,Low
21900162,336,3pt,2,PT00M59.00S,00:59,Q2 00:59,54,48,1610612742.0,Finney-Smith,Finney-Smith 24' 3PT Jump Shot (3 PTS) (Powell 1 AST),substitution,3pt made,6,Low
21900162,339,3pt,2,PT00M47.00S,00:47,Q2 00:47,57,48,1610612752.0,Randle,Randle 3PT Step Back Jump Shot (11 PTS) (Barrett 2 AST),3pt made,3pt missed,9,Low
21900162,341,3pt,2,PT00M35.20S,00:35,Q2 00:35,57,48,1610612742.0,Curry,MISS Curry 3PT Jump Shot,3pt made,rebound,9,Low
21900162,342,rebound,2,PT00M32.00S,00:32,Q2 00:32,57,48,1610612742.0,Porzingis,Porzingis REBOUND (Off:3 Def:4),3pt missed,2pt made,9,Low
21900162,344,2pt,2,PT00M29.90S,00:29,Q2 00:29,57,50,1610612742.0,Doncic,Doncic 21' Jump Shot (15 PTS) (Porzingis 1 AST),rebound,foul,7,Low
21900162,346,foul,2,PT00M29.90S,00:29,Q2 00:29,57,50,1610612752.0,Robinson,Robinson S.FOUL (P3.PN) (D.Collins),2pt made,freethrow,7,Low
21900162,350,freethrow,2,PT00M29.90S,00:29,Q2 00:29,57,51,1610612742.0,Doncic,Doncic Free Throw 1 of 1 (16 PTS),foul,substitution,6,Low
21900162,348,substitution,2,PT00M29.90S,00:29,Q2 00:29,57,50,1610612752.0,Robinson,SUB out: M. Robinson,freethrow,substitution,7,Low
21900162,349,substitution,2,PT00M29.90S,00:29,Q2 00:29,57,50,1610612752.0,Dotson,SUB in: D. Dotson,substitution,foul,7,Low
21900162,351,foul,2,PT00M08.30S,00:08,Q2 00:08,57,51,1610612742.0,Curry,Curry S.FOUL (P3.PN) (T.Washington),substitution,freethrow,6,Low
21900162,353,freethrow,2,PT00M08.30S,00:08,Q2 00:08,58,51,1610612752.0,Smith Jr.,Smith Jr. Free Throw 1 of 2 (9 PTS),foul,freethrow,7,Low
21900162,358,freethrow,2,PT00M08.30S,00:08,Q2 00:08,58,51,1610612752.0,Smith Jr.,MISS Smith Jr. Free Throw 2 of 2,freethrow,substitution,7,Low
21900162,354,substitution,2,PT00M08.30S,00:08,Q2 00:08,57,51,1610612752.0,Barrett,SUB out: R. Barrett,freethrow,substitution,6,Low
21900162,355,substitution,2,PT00M08.30S,00:08,Q2 00:08,57,51,1610612742.0,Curry,SUB out: S. Curry,substitution,substitution,6,Low
21900162,356,substitution,2,PT00M08.30S,00:08,Q2 00:08,57,51,1610612752.0,Gibson,SUB in: T. Gibson,substitution,substitution,6,Low
21900162,357,substitution,2,PT00M08.30S,00:08,Q2 00:08,57,51,1610612742.0,Hardaway Jr.,SUB in: T. Hardaway Jr.,substitution,rebound,6,Low
21900162,359,rebound,2,PT00M07.00S,00:07,Q2 00:07,58,51,1610612742.0,Porzingis,Porzingis REBOUND (Off:3 Def:5),substitution,foul,7,Low
21900162,360,foul,2,PT00M07.00S,00:07,Q2 00:07,58,51,1610612752.0,Randle,Randle P.FOUL (P2.PN) (R.Acosta),rebound,freethrow,7,Low
21900162,362,freethrow,2,PT00M07.00S,00:07,Q2 00:07,58,52,1610612742.0,Porzingis,Porzingis Free Throw 1 of 2 (12 PTS),foul,freethrow,6,Low
21900162,365,freethrow,2,PT00M07.00S,00:07,Q2 00:07,58,53,1610612742.0,Porzingis,Porzingis Free Throw 2 of 2 (13 PTS),freethrow,substitution,5,Low
21900162,363,substitution,2,PT00M07.00S,00:07,Q2 00:07,58,51,1610612752.0,Gibson,SUB out: T. Gibson,freethrow,substitution,7,Low
21900162,364,substitution,2,PT00M07.00S,00:07,Q2 00:07,58,51,1610612752.0,Ellington,SUB in: W. Ellington,substitution,2pt missed,7,Low
21900162,366,2pt,2,PT00M01.50S,00:01,Q2 00:01,58,53,1610612752.0,Smith Jr.,MISS Smith Jr. 17' Jump Shot,substitution,rebound,5,Low
21900162,367,rebound,2,PT00M01.50S,00:01,Q2 00:01,58,53,1610612742.0,Hardaway Jr.,Hardaway Jr. REBOUND (Off:0 Def:2),2pt missed,period,5,Low
21900162,368,period,2,PT00M00.00S,00:00,Q2 00:00,58,53,1610612752.0,,End of 2nd Period (9:23 PM EST),rebound,period,5,Low
21900162,379,period,3,PT12M00.00S,12:00,Q3 12:00,58,53,1610612752.0,,Start of 3rd Period (9:39 PM EST),period,substitution,5,Low
21900162,380,3pt,3,PT11M34.00S,11:34,Q3 11:34,58,53,1610612752.0,Randle,MISS Randle 26' 3PT Jump Shot,substitution,rebound,5,Low
21900162,381,rebound,3,PT11M32.00S,11:32,Q3 11:32,58,53,1610612742.0,Doncic,Doncic REBOUND (Off:1 Def:4),3pt missed,3pt missed,5,Low
21900162,382,3pt,3,PT11M14.00S,11:14,Q3 11:14,58,53,1610612742.0,Doncic,MISS Doncic 27' 3PT Jump Shot,rebound,rebound,5,Low
21900162,383,rebound,3,PT11M12.00S,11:12,Q3 11:12,58,53,1610612752.0,Ntilikina,Ntilikina REBOUND (Off:1 Def:2),3pt missed,2pt missed,5,Low
21900162,385,2pt,3,PT10M59.00S,10:59,Q3 10:59,58,53,1610612752.0,Morris Sr.,MISS Morris Sr. 17' Jump Shot,rebound,rebound,5,Low
21900162,386,rebound,3,PT10M57.00S,10:57,Q3 10:57,58,53,1610612742.0,Curry,Curry REBOUND (Off:0 Def:1),2pt missed,2pt made,5,Low
21900162,387,2pt,3,PT10M51.00S,10:51,Q3 10:51,58,55,1610612742.0,Porzingis,Porzingis 1' Cutting Dunk Shot (15 PTS) (Curry 1 AST),rebound,turnover,3,Low
21900162,389,turnover,3,PT10M37.00S,10:37,Q3 10:37,58,55,1610612752.0,Barrett,Barrett Bad Pass Turnover (P3.T8),2pt made,steal,3,Low
21900162,389,steal,3,PT10M37.00S,10:37,Q3 10:37,58,55,1610612742.0,Doncic,Doncic STEAL (1 STL),turnover,foul,3,Low
21900162,391,foul,3,PT10M35.00S,10:35,Q3 10:35,58,55,1610612752.0,Ntilikina,Ntilikina P.FOUL (P4.T1) (R.Acosta),steal,2pt missed,3,Low
21900162,393,2pt,3,PT10M21.00S,10:21,Q3 10:21,58,55,1610612742.0,Porzingis,MISS Porzingis 19' Turnaround Jump Shot,foul,rebound,3,Low
21900162,394,rebound,3,PT10M20.00S,10:20,Q3 10:20,58,55,1610612752.0,Morris Sr.,Morris Sr. REBOUND (Off:0 Def:1),2pt missed,3pt made,3,Low
21900162,395,3pt,3,PT10M13.00S,10:13,Q3 10:13,61,55,1610612752.0,Morris Sr.,Morris Sr. 25' 3PT Jump Shot (7 PTS),rebound,turnover,6,Low
21900162,396,turnover,3,PT09M57.00S,09:57,Q3 09:57,61,55,1610612742.0,Finney-Smith,Finney-Smith Out of Bounds - Bad Pass Turnover Turnover (P1.T6),3pt made,2pt made,6,Low
21900162,397,2pt,3,PT09M46.00S,09:46,Q3 09:46,63,55,1610612752.0,Morris Sr.,Morris Sr. 15' Jump Shot (9 PTS),turnover,timeout,8,Low
21900162,398,timeout,3,PT09M44.00S,09:44,Q3 09:44,63,55,1610612742.0,,Mavericks Timeout: Regular (Reg.4 Short 0),2pt made,foul,8,Low
21900162,399,foul,3,PT09M29.00S,09:29,Q3 09:29,63,55,1610612752.0,Gibson,Gibson P.FOUL (P4.T2) (D.Collins),timeout,3pt made,8,Low
21900162,401,3pt,3,PT09M19.00S,09:19,Q3 09:19,63,58,1610612742.0,Porzingis,Porzingis 3PT Step Back Jump Shot (18 PTS),foul,3pt missed,5,Low
21900162,402,3pt,3,PT09M02.00S,09:02,Q3 09:02,63,58,1610612752.0,Morris Sr.,MISS Morris Sr. 25' 3PT Jump Shot,3pt made,rebound,5,Low
21900162,403,rebound,3,PT09M00.00S,09:00,Q3 09:00,63,58,1610612752.0,Gibson,Gibson REBOUND (Off:2 Def:4),3pt missed,foul,5,Low
21900162,404,foul,3,PT09M00.00S,09:00,Q3 09:00,63,58,1610612742.0,Finney-Smith,Finney-Smith P.FOUL (P2.T1) (T.Washington),rebound,2pt made,5,Low
21900162,406,2pt,3,PT08M53.00S,08:53,Q3 08:53,65,58,1610612752.0,Gibson,Gibson 1' Layup (4 PTS) (Randle 2 AST),foul,2pt missed,7,Low
21900162,408,2pt,3,PT08M42.00S,08:42,Q3 08:42,65,58,1610612742.0,Porzingis,MISS Porzingis 1' Cutting Layup Shot,2pt made,rebound,7,Low
21900162,409,rebound,3,PT08M40.00S,08:40,Q3 08:40,65,58,1610612752.0,Morris Sr.,Morris Sr. REBOUND (Off:0 Def:2),2pt missed,turnover,7,Low
21900162,410,turnover,3,PT08M40.00S,08:40,Q3 08:40,65,58,1610612752.0,Morris Sr.,Morris Sr. Bad Pass Turnover (P1.T9),rebound,foul,7,Low
21900162,412,foul,3,PT08M40.00S,08:40,Q3 08:40,65,58,1610612752.0,Ntilikina,Ntilikina L.B.FOUL (P5.T3) (R.Acosta),turnover,substitution,7,Low
21900162,414,substitution,3,PT08M40.00S,08:40,Q3 08:40,65,58,1610612752.0,Ntilikina,SUB out: F. Ntilikina,foul,substitution,7,Low
21900162,415,substitution,3,PT08M40.00S,08:40,Q3 08:40,65,58,1610612752.0,Smith Jr.,SUB in: D. Smith Jr.,substitution,turnover,7,Low
21900162,416,turnover,3,PT08M30.00S,08:30,Q3 08:30,65,58,1610612742.0,Porzingis,Porzingis Palming Turnover (P2.T7),substitution,3pt made,7,Low
21900162,417,3pt,3,PT08M14.00S,08:14,Q3 08:14,68,58,1610612752.0,Morris Sr.,Morris Sr. 25' 3PT Jump Shot (12 PTS) (Gibson 2 AST),turnover,2pt missed,10,Low
21900162,419,2pt,3,PT08M01.00S,08:01,Q3 08:01,68,58,1610612742.0,Powell,MISS Powell 2' Layup,3pt made,rebound,10,Low
21900162,420,rebound,3,PT07M59.00S,07:59,Q3 07:59,68,58,1610612752.0,Morris Sr.,Morris Sr. REBOUND (Off:0 Def:3),2pt missed,turnover,10,Low
21900162,421,turnover,3,PT07M44.00S,07:44,Q3 07:44,68,58,1610612752.0,Randle,Randle Bad Pass Turnover (P3.T10),rebound,steal,10,Low
21900162,421,steal,3,PT07M44.00S,07:44,Q3 07:44,68,58,1610612742.0,Doncic,Doncic STEAL (2 STL),turnover,2pt made,10,Low
21900162,423,2pt,3,PT07M38.00S,07:38,Q3 07:38,68,60,1610612742.0,Finney-Smith,Finney-Smith 1' Layup (5 PTS) (Doncic 6 AST),steal,2pt made,8,Low
21900162,425,2pt,3,PT07M13.00S,07:13,Q3 07:13,70,60,1610612752.0,Smith Jr.,Smith Jr. 15' Floating Jump Shot (11 PTS),2pt made,2pt made,10,Low
21900162,426,2pt,3,PT07M00.00S,07:00,Q3 07:00,70,62,1610612742.0,Powell,Powell 2' Dunk (4 PTS) (Doncic 7 AST),2pt made,2pt missed,8,Low
21900162,428,2pt,3,PT06M36.00S,06:36,Q3 06:36,70,62,1610612752.0,Morris Sr.,MISS Morris Sr. 18' Jump Shot,2pt made,rebound,8,Low
21900162,429,rebound,3,PT06M34.00S,06:34,Q3 06:34,70,62,1610612742.0,Finney-Smith,Finney-Smith REBOUND (Off:0 Def:2),2pt missed,2pt missed,8,Low
21900162,430,2pt,3,PT06M29.00S,06:29,Q3 06:29,70,62,1610612742.0,Doncic,MISS Doncic 3' Driving Layup,rebound,block,8,Low
21900162,430,block,3,PT06M29.00S,06:29,Q3 06:29,70,62,1610612752.0,Morris Sr.,Morris Sr. BLOCK (1 BLK),2pt missed,rebound,8,Low
21900162,432,rebound,3,PT06M28.00S,06:28,Q3 06:28,70,62,1610612752.0,,TEAM defensive REBOUND,block,timeout,8,Low
21900162,434,timeout,3,PT06M28.00S,06:28,Q3 06:28,70,62,1610612752.0,,KNICKS Timeout: Regular (Full 3 Short 0),rebound,substitution,8,Low
21900162,435,substitution,3,PT06M28.00S,06:28,Q3 06:28,70,62,1610612752.0,Gibson,SUB out: T. Gibson,timeout,substitution,8,Low
21900162,436,substitution,3,PT06M28.00S,06:28,Q3 06:28,70,62,1610612752.0,Robinson,SUB in: M. Robinson,substitution,foul,8,Low
21900162,437,foul,3,PT06M12.00S,06:12,Q3 06:12,70,62,1610612742.0,Porzingis,Porzingis P.FOUL (P1.T2) (D.Collins),substitution,turnover,8,Low
21900162,439,turnover,3,PT06M05.00S,06:05,Q3 06:05,70,62,1610612752.0,Barrett,Barrett Lost Ball Turnover (P4.T11),foul,steal,8,Low
21900162,439,steal,3,PT06M05.00S,06:05,Q3 06:05,70,62,1610612742.0,Finney-Smith,Finney-Smith STEAL (1 STL),turnover,2pt made,8,Low
21900162,441,2pt,3,PT06M00.00S,06:00,Q3 06:00,70,64,1610612742.0,Finney-Smith,Finney-Smith 1' Driving Layup (7 PTS) (Doncic 8 AST),steal,3pt missed,6,Low
21900162,443,3pt,3,PT05M41.00S,05:41,Q3 05:41,70,64,1610612752.0,Randle,MISS Randle 25' 3PT Jump Shot,2pt made,rebound,6,Low
21900162,444,rebound,3,PT05M39.00S,05:39,Q3 05:39,70,64,1610612742.0,Porzingis,Porzingis REBOUND (Off:3 Def:6),3pt missed,3pt made,6,Low
21900162,445,3pt,3,PT05M16.00S,05:16,Q3 05:16,70,67,1610612742.0,Powell,Powell 3PT Jump Shot (7 PTS) (Doncic 9 AST),rebound,3pt missed,3,Low
21900162,447,3pt,3,PT04M57.00S,04:57,Q3 04:57,70,67,1610612752.0,Barrett,MISS Barrett 26' 3PT Jump Shot,3pt made,rebound,3,Low
21900162,448,rebound,3,PT04M55.00S,04:55,Q3 04:55,70,67,1610612752.0,Smith Jr.,Smith Jr. REBOUND (Off:3 Def:2),3pt missed,2pt made,3,Low
21900162,449,2pt,3,PT04M55.00S,04:55,Q3 04:55,72,67,1610612752.0,Smith Jr.,Smith Jr. 1' Putback Dunk (13 PTS),rebound,3pt missed,5,Low
21900162,450,3pt,3,PT04M41.00S,04:41,Q3 04:41,72,67,1610612742.0,Porzingis,MISS Porzingis 26' 3PT Jump Shot,2pt made,rebound,5,Low
21900162,451,rebound,3,PT04M40.00S,04:40,Q3 04:40,72,67,1610612742.0,Powell,Powell REBOUND (Off:2 Def:2),3pt missed,2pt made,5,Low
21900162,452,2pt,3,PT04M39.00S,04:39,Q3 04:39,72,69,1610612742.0,Powell,Powell 2' Reverse Layup (9 PTS),rebound,foul,3,Low
21900162,453,foul,3,PT04M39.00S,04:39,Q3 04:39,72,69,1610612752.0,Robinson,Robinson S.FOUL (P4.T4) (T.Washington),2pt made,freethrow,3,Low
21900162,459,freethrow,3,PT04M39.00S,04:39,Q3 04:39,72,70,1610612742.0,Powell,Powell Free Throw 1 of 1 (10 PTS),foul,substitution,2,Low
21900162,455,substitution,3,PT04M39.00S,04:39,Q3 04:39,72,69,1610612752.0,Randle,SUB out: J. Randle,freethrow,substitution,3,Low
21900162,456,substitution,3,PT04M39.00S,04:39,Q3 04:39,72,69,1610612752.0,Barrett,SUB out: R. Barrett,substitution,substitution,3,Low
21900162,457,substitution,3,PT04M39.00S,04:39,Q3 04:39,72,69,1610612752.0,Portis,SUB in: B. Portis,substitution,substitution,3,Low
21900162,458,substitution,3,PT04M39.00S,04:39,Q3 04:39,72,69,1610612752.0,Dotson,SUB in: D. Dotson,substitution,2pt made,3,Low
21900162,460,2pt,3,PT04M18.00S,04:18,Q3 04:18,74,70,1610612752.0,Dotson,Dotson 23' Pullup Jump Shot (4 PTS),substitution,3pt missed,4,Low
21900162,461,3pt,3,PT04M00.00S,04:00,Q3 04:00,74,70,1610612742.0,Doncic,MISS Doncic 28' 3PT Jump Shot,2pt made,rebound,4,Low
21900162,462,rebound,3,PT03M58.00S,03:58,Q3 03:58,74,70,1610612752.0,Morris Sr.,Morris Sr. REBOUND (Off:0 Def:4),3pt missed,3pt made,4,Low
21900162,463,3pt,3,PT03M49.00S,03:49,Q3 03:49,77,70,1610612752.0,Portis,Portis 27' 3PT Jump Shot (8 PTS) (Smith Jr. 5 AST),rebound,2pt made,7,Low
21900162,465,2pt,3,PT03M33.00S,03:33,Q3 03:33,77,72,1610612742.0,Doncic,Doncic 11' Floating Jump Shot (18 PTS),3pt made,foul,5,Low
21900162,466,foul,3,PT03M33.00S,03:33,Q3 03:33,77,72,1610612752.0,Robinson,Robinson S.FOUL (P5.PN) (R.Acosta),2pt made,freethrow,5,Low
21900162,468,freethrow,3,PT03M33.00S,03:33,Q3 03:33,77,73,1610612742.0,Doncic,Doncic Free Throw 1 of 1 (19 PTS),foul,3pt missed,4,Low
21900162,469,3pt,3,PT03M23.00S,03:23,Q3 03:23,77,73,1610612752.0,Portis,MISS Portis 25' 3PT Jump Shot,freethrow,rebound,4,Low
21900162,470,rebound,3,PT03M21.00S,03:21,Q3 03:21,77,73,1610612742.0,Doncic,Doncic REBOUND (Off:1 Def:5),3pt missed,2pt made,4,Low
21900162,471,2pt,3,PT03M10.00S,03:10,Q3 03:10,77,75,1610612742.0,Doncic,Doncic 2' Driving Floating Jump Shot (21 PTS) (Powell 2 AST),rebound,2pt missed,2,Low
21900162,473,2pt,3,PT02M50.00S,02:50,Q3 02:50,77,75,1610612752.0,Smith Jr.,MISS Smith Jr. 8' Floating Jump Shot,2pt made,block,2,Low
21900162,473,block,3,PT02M50.00S,02:50,Q3 02:50,77,75,1610612742.0,Doncic,Doncic BLOCK (1 BLK),2pt missed,rebound,2,Low
21900162,475,rebound,3,PT02M48.00S,02:48,Q3 02:48,77,75,1610612752.0,Smith Jr.,Smith Jr. REBOUND (Off:4 Def:2),block,2pt made,2,Low
21900162,476,2pt,3,PT02M43.00S,02:43,Q3 02:43,79,75,1610612752.0,Portis,Portis 9' Turnaround Jump Shot (10 PTS) (Smith Jr. 6 AST),rebound,turnover,4,Low
21900162,478,turnover,3,PT02M27.00S,02:27,Q3 02:27,79,75,1610612742.0,Doncic,Doncic Out of Bounds - Bad Pass Turnover Turnover (P1.T8),2pt made,substitution,4,Low
21900162,479,substitution,3,PT02M27.00S,02:27,Q3 02:27,79,75,1610612752.0,Morris Sr.,SUB out: M. Morris Sr.,turnover,substitution,4,Low
21900162,480,substitution,3,PT02M27.00S,02:27,Q3 02:27,79,75,1610612752.0,Robinson,SUB out: M. Robinson,substitution,substitution,4,Low
21900162,481,substitution,3,PT02M27.00S,02:27,Q3 02:27,79,75,1610612752.0,Knox II,SUB in: K. Knox II,substitution,substitution,4,Low
21900162,482,substitution,3,PT02M27.00S,02:27,Q3 02:27,79,75,1610612752.0,Randle,SUB in: J. Randle,substitution,3pt made,4,Low
21900162,483,3pt,3,PT02M20.00S,02:20,Q3 02:20,82,75,1610612752.0,Dotson,Dotson 26' 3PT Jump Shot (7 PTS) (Smith Jr. 7 AST),substitution,3pt made,7,Low
21900162,485,3pt,3,PT01M58.00S,01:58,Q3 01:58,82,78,1610612742.0,Doncic,Doncic 27' 3PT Jump Shot (24 PTS),3pt made,3pt made,4,Low
21900162,486,3pt,3,PT01M35.00S,01:35,Q3 01:35,85,78,1610612752.0,Knox II,Knox II 24' 3PT Jump Shot (5 PTS) (Randle 3 AST),3pt made,3pt made,7,Low
21900162,488,3pt,3,PT01M17.00S,01:17,Q3 01:17,85,81,1610612742.0,Doncic,Doncic 27' 3PT Jump Shot (27 PTS) (Finney-Smith 1 AST),3pt made,2pt made,4,Low
21900162,490,2pt,3,PT01M04.00S,01:04,Q3 01:04,87,81,1610612752.0,Randle,Randle 2' Driving Floating Bank Jump Shot (13 PTS),3pt made,3pt made,6,Low
21900162,491,3pt,3,PT00M52.60S,00:52,Q3 00:52,87,84,1610612742.0,Doncic,Doncic 26' 3PT Jump Shot (30 PTS),2pt made,turnover,3,Low
21900162,492,turnover,3,PT00M41.30S,00:41,Q3 00:41,87,84,1610612752.0,Randle,Randle Bad Pass Turnover (P4.T12),3pt made,steal,3,Low
21900162,492,steal,3,PT00M41.30S,00:41,Q3 00:41,87,84,1610612742.0,Doncic,Doncic STEAL (3 STL),turnover,foul,3,Low
21900162,494,foul,3,PT00M30.50S,00:30,Q3 00:30,87,84,1610612752.0,Knox II,Knox II P.FOUL (P1.PN) (T.Washington),steal,freethrow,3,Low
21900162,496,freethrow,3,PT00M30.50S,00:30,Q3 00:30,87,85,1610612742.0,Doncic,Doncic Free Throw 1 of 2 (31 PTS),foul,freethrow,2,Low
21900162,501,freethrow,3,PT00M30.50S,00:30,Q3 00:30,87,85,1610612742.0,Doncic,MISS Doncic Free Throw 2 of 2,freethrow,substitution,2,Low
21900162,497,substitution,3,PT00M30.50S,00:30,Q3 00:30,87,84,1610612742.0,Powell,SUB out: D. Powell,freethrow,substitution,3,Low
21900162,498,substitution,3,PT00M30.50S,00:30,Q3 00:30,87,84,1610612742.0,Finney-Smith,SUB out: D. Finney-Smith,substitution,substitution,3,Low
21900162,499,substitution,3,PT00M30.50S,00:30,Q3 00:30,87,84,1610612742.0,Hardaway Jr.,SUB in: T. Hardaway Jr.,substitution,substitution,3,Low
21900162,500,substitution,3,PT00M30.50S,00:30,Q3 00:30,87,84,1610612742.0,Kleber,SUB in: M. Kleber,substitution,rebound,3,Low
21900162,502,rebound,3,PT00M28.70S,00:28,Q3 00:28,87,85,1610612752.0,Portis,Portis REBOUND (Off:0 Def:2),substitution,2pt missed,2,Low
21900162,503,2pt,3,PT00M11.30S,00:11,Q3 00:11,87,85,1610612752.0,Randle,MISS Randle 13' Step Back Jump Shot,rebound,rebound,2,Low
21900162,504,rebound,3,PT00M09.00S,00:09,Q3 00:09,87,85,1610612742.0,Doncic,Doncic REBOUND (Off:1 Def:6),2pt missed,3pt missed,2,Low
21900162,505,3pt,3,PT00M02.50S,00:02,Q3 00:02,87,85,1610612742.0,Doncic,MISS Doncic 28' 3PT Step Back Jump Shot,rebound,rebound,2,Low
21900162,506,rebound,3,PT00M00.40S,00:00,Q3 00:00,87,85,1610612742.0,Porzingis,Porzingis REBOUND (Off:4 Def:6),3pt missed,2pt made,2,Medium
21900162,507,2pt,3,PT00M00.40S,00:00,Q3 00:00,87,87,1610612742.0,Porzingis,Porzingis 1' Putback Dunk (20 PTS),rebound,period,0,Medium
21900162,508,period,3,PT00M00.00S,00:00,Q3 00:00,87,87,1610612752.0,,End of 3rd Period (10:04 PM EST),2pt made,period,0,Medium
21900162,515,period,4,PT12M00.00S,12:00,Q4 12:00,87,87,1610612752.0,,Start of 4th Period (10:08 PM EST),period,substitution,0,Medium
21900162,516,foul,4,PT11M51.00S,11:51,Q4 11:51,87,87,1610612752.0,Portis,Portis P.FOUL (P1.T1) (D.Collins),substitution,2pt missed,0,Medium
21900162,518,2pt,4,PT11M39.00S,11:39,Q4 11:39,87,87,1610612742.0,Marjanovic,MISS Marjanovic 11' Turnaround Jump Shot,foul,rebound,0,Medium
21900162,519,rebound,4,PT11M37.00S,11:37,Q4 11:37,87,87,1610612752.0,Portis,Portis REBOUND (Off:0 Def:3),2pt missed,3pt missed,0,Medium
21900162,520,3pt,4,PT11M27.00S,11:27,Q4 11:27,87,87,1610612752.0,Dotson,MISS Dotson 25' 3PT Jump Shot,rebound,rebound,0,Medium
21900162,521,rebound,4,PT11M25.00S,11:25,Q4 11:25,87,87,1610612742.0,Hardaway Jr.,Hardaway Jr. REBOUND (Off:0 Def:3),3pt missed,3pt missed,0,Medium
21900162,522,3pt,4,PT11M18.00S,11:18,Q4 11:18,87,87,1610612742.0,Hardaway Jr.,MISS Hardaway Jr. 27' 3PT Jump Shot,rebound,rebound,0,Medium
21900162,523,rebound,4,PT11M16.00S,11:16,Q4 11:16,87,87,1610612752.0,Randle,Randle REBOUND (Off:3 Def:5),3pt missed,3pt missed,0,Medium
21900162,524,3pt,4,PT11M09.00S,11:09,Q4 11:09,87,87,1610612752.0,Knox II,MISS Knox II 25' 3PT Pullup Jump Shot,rebound,rebound,0,Medium
21900162,525,rebound,4,PT11M08.00S,11:08,Q4 11:08,87,87,1610612742.0,Hardaway Jr.,Hardaway Jr. REBOUND (Off:0 Def:4),3pt missed,3pt missed,0,Medium
21900162,526,3pt,4,PT10M58.00S,10:58,Q4 10:58,87,87,1610612742.0,Brunson,MISS Brunson 3PT Jump Shot,rebound,rebound,0,Medium
21900162,527,rebound,4,PT10M56.00S,10:56,Q4 10:56,87,87,1610612752.0,Portis,Portis REBOUND (Off:0 Def:4),3pt missed,2pt missed,0,Medium
21900162,528,2pt,4,PT10M34.00S,10:34,Q4 10:34,87,87,1610612752.0,Portis,MISS Portis 8' Jump Shot,rebound,block,0,Medium
21900162,528,block,4,PT10M34.00S,10:34,Q4 10:34,87,87,1610612742.0,Hardaway Jr.,Hardaway Jr. BLOCK (1 BLK),2pt missed,rebound,0,Medium
21900162,530,rebound,4,PT10M32.00S,10:32,Q4 10:32,87,87,1610612752.0,Randle,Randle REBOUND (Off:4 Def:5),block,3pt missed,0,Medium
21900162,531,3pt,4,PT10M31.00S,10:31,Q4 10:31,87,87,1610612752.0,Randle,MISS Randle 25' 3PT Jump Shot,rebound,rebound,0,Medium
21900162,532,rebound,4,PT10M29.00S,10:29,Q4 10:29,87,87,1610612742.0,Kleber,Kleber REBOUND (Off:1 Def:2),3pt missed,2pt missed,0,Medium
21900162,533,2pt,4,PT10M14.00S,10:14,Q4 10:14,87,87,1610612742.0,Marjanovic,MISS Marjanovic 4' Layup,rebound,rebound,0,Medium
21900162,534,rebound,4,PT10M12.00S,10:12,Q4 10:12,87,87,1610612752.0,Portis,Portis REBOUND (Off:0 Def:5),2pt missed,2pt made,0,Medium
21900162,535,2pt,4,PT09M49.00S,09:49,Q4 09:49,89,87,1610612752.0,Randle,Randle 1' Layup (15 PTS) (Smith Jr. 8 AST),rebound,foul,2,Medium
21900162,537,foul,4,PT09M28.00S,09:28,Q4 09:28,89,87,1610612752.0,Smith Jr.,Smith Jr. P.FOUL (P2.T2) (T.Washington),2pt made,substitution,2,Medium
21900162,539,substitution,4,PT09M28.00S,09:28,Q4 09:28,89,87,1610612752.0,Smith Jr.,SUB out: D. Smith Jr.,foul,substitution,2,Medium
21900162,540,substitution,4,PT09M28.00S,09:28,Q4 09:28,89,87,1610612752.0,Ntilikina,SUB in: F. Ntilikina,substitution,2pt missed,2,Medium
21900162,541,2pt,4,PT09M18.00S,09:18,Q4 09:18,89,87,1610612742.0,Hardaway Jr.,MISS Hardaway Jr. 10' Jump Shot,substitution,rebound,2,Medium
21900162,542,rebound,4,PT09M16.00S,09:16,Q4 09:16,89,87,1610612742.0,Marjanovic,Marjanovic REBOUND (Off:2 Def:2),2pt missed,2pt missed,2,Medium
21900162,543,2pt,4,PT09M14.00S,09:14,Q4 09:14,89,87,1610612742.0,Marjanovic,MISS Marjanovic 2' Layup,rebound,rebound,2,Medium
21900162,544,rebound,4,PT09M13.00S,09:13,Q4 09:13,89,87,1610612752.0,Randle,Randle REBOUND (Off:4 Def:6),2pt missed,turnover,2,Medium
21900162,545,turnover,4,PT09M11.00S,09:11,Q4 09:11,89,87,1610612752.0,Randle,Randle Out of Bounds - Bad Pass Turnover Turnover (P5.T13),rebound,2pt made,2,Medium
21900162,546,2pt,4,PT09M04.00S,09:04,Q4 09:04,89,89,1610612742.0,Hardaway Jr.,Hardaway Jr. 1' Driving Layup (8 PTS) (Brunson 2 AST),turnover,foul,0,Medium
21900162,548,foul,4,PT08M55.00S,08:55,Q4 08:55,89,89,1610612742.0,Hardaway Jr.,Hardaway Jr. S.FOUL (P2.T1) (R.Acosta),2pt made,freethrow,0,Medium
21900162,550,freethrow,4,PT08M55.00S,08:55,Q4 08:55,89,89,1610612752.0,Knox II,MISS Knox II Free Throw 1 of 2,foul,rebound,0,Medium
21900162,551,rebound,4,PT08M55.00S,08:55,Q4 08:55,89,89,1610612752.0,,TEAM offensive REBOUND,freethrow,freethrow,0,Medium
21900162,552,freethrow,4,PT08M55.00S,08:55,Q4 08:55,90,89,1610612752.0,Knox II,Knox II Free Throw 2 of 2 (6 PTS),rebound,3pt missed,1,Medium
21900162,553,3pt,4,PT08M45.00S,08:45,Q4 08:45,90,89,1610612742.0,Hardaway Jr.,MISS Hardaway Jr. 27' 3PT Jump Shot,freethrow,rebound,1,Medium
21900162,554,rebound,4,PT08M43.00S,08:43,Q4 08:43,90,89,1610612752.0,Dotson,Dotson REBOUND (Off:0 Def:2),3pt missed,2pt missed,1,Medium
21900162,572,2pt,4,PT08M37.00S,08:37,Q4 08:37,90,89,1610612752.0,Randle,MISS Randle 1' Layup,rebound,block,1,Medium
21900162,572,block,4,PT08M37.00S,08:37,Q4 08:37,90,89,1610612742.0,Wright,Wright BLOCK (1 BLK),2pt missed,timeout,1,Medium
21900162,557,timeout,4,PT08M36.00S,08:36,Q4 08:36,90,89,1610612742.0,,Mavericks Timeout: Regular (Reg.5 Short 0),block,instant replay,1,Medium
21900162,574,rebound,4,PT08M36.00S,08:36,Q4 08:36,90,89,1610612752.0,,TEAM offensive REBOUND,instant replay,substitution,1,Medium
21900162,559,substitution,4,PT08M36.00S,08:36,Q4 08:36,90,89,1610612752.0,Portis,SUB out: B. Portis,rebound,substitution,1,Medium
21900162,560,substitution,4,PT08M36.00S,08:36,Q4 08:36,90,89,1610612752.0,Knox II,SUB out: K. Knox II,substitution,substitution,1,Medium
21900162,561,substitution,4,PT08M36.00S,08:36,Q4 08:36,90,89,1610612752.0,Morris Sr.,SUB in: M. Morris Sr.,substitution,substitution,1,Medium
21900162,562,substitution,4,PT08M36.00S,08:36,Q4 08:36,90,89,1610612752.0,Gibson,SUB in: T. Gibson,substitution,2pt missed,1,Medium
21900162,566,2pt,4,PT08M16.00S,08:16,Q4 08:16,90,89,1610612752.0,Gibson,MISS Gibson 17' Floating Jump Shot,substitution,rebound,1,Medium
21900162,567,rebound,4,PT08M12.00S,08:12,Q4 08:12,90,89,1610612742.0,Wright,Wright REBOUND (Off:0 Def:2),2pt missed,foul,1,Medium
21900162,568,foul,4,PT08M11.00S,08:11,Q4 08:11,90,89,1610612752.0,Morris Sr.,Morris Sr. S.FOUL (P3.T3) (T.Washington),rebound,freethrow,1,Medium
21900162,570,freethrow,4,PT08M11.00S,08:11,Q4 08:11,90,90,1610612742.0,Hardaway Jr.,Hardaway Jr. Free Throw 1 of 2 (9 PTS),foul,freethrow,0,Medium
21900162,571,freethrow,4,PT08M11.00S,08:11,Q4 08:11,90,90,1610612742.0,Hardaway Jr.,MISS Hardaway Jr. Free Throw 2 of 2,freethrow,rebound,0,Medium
21900162,578,rebound,4,PT08M09.00S,08:09,Q4 08:09,90,90,1610612752.0,,TEAM defensive REBOUND,freethrow,2pt missed,0,Medium
21900162,580,2pt,4,PT07M53.00S,07:53,Q4 07:53,90,90,1610612752.0,Dotson,MISS Dotson 11' Jump Shot,rebound,rebound,0,Medium
21900162,581,rebound,4,PT07M50.00S,07:50,Q4 07:50,90,90,1610612742.0,Kleber,Kleber REBOUND (Off:1 Def:3),2pt missed,turnover,0,Medium
21900162,582,turnover,4,PT07M47.00S,07:47,Q4 07:47,90,90,1610612742.0,Brunson,Brunson Out of Bounds - Bad Pass Turnover Turnover (P1.T9),rebound,2pt made,0,Medium
21900162,584,2pt,4,PT07M38.00S,07:38,Q4 07:38,92,90,1610612752.0,Morris Sr.,Morris Sr. 19' Jump Shot (14 PTS),turnover,3pt missed,2,Medium
21900162,585,3pt,4,PT07M21.00S,07:21,Q4 07:21,92,90,1610612742.0,Wright,MISS Wright 25' 3PT Jump Shot,2pt made,rebound,2,Medium
21900162,586,rebound,4,PT07M19.00S,07:19,Q4 07:19,92,90,1610612742.0,Marjanovic,Marjanovic REBOUND (Off:3 Def:2),3pt missed,2pt made,2,Medium
21900162,587,2pt,4,PT07M19.00S,07:19,Q4 07:19,92,92,1610612742.0,Marjanovic,Marjanovic 1' Putback Layup (10 PTS),rebound,turnover,0,Medium
21900162,588,turnover,4,PT07M09.00S,07:09,Q4 07:09,92,92,1610612752.0,Randle,Randle Out of Bounds - Bad Pass Turnover Turnover (P6.T14),2pt made,substitution,0,Medium
21900162,589,substitution,4,PT07M09.00S,07:09,Q4 07:09,92,92,1610612752.0,Dotson,SUB out: D. Dotson,turnover,substitution,0,Medium
21900162,590,substitution,4,PT07M09.00S,07:09,Q4 07:09,92,92,1610612752.0,Gibson,SUB out: T. Gibson,substitution,substitution,0,Medium
21900162,591,substitution,4,PT07M09.00S,07:09,Q4 07:09,92,92,1610612752.0,Robinson,SUB in: M. Robinson,substitution,substitution,0,Medium
21900162,592,substitution,4,PT07M09.00S,07:09,Q4 07:09,92,92,1610612752.0,Barrett,SUB in: R. Barrett,substitution,2pt missed,0,Medium
21900162,593,2pt,4,PT06M51.00S,06:51,Q4 06:51,92,92,1610612742.0,Brunson,MISS Brunson 5' Driving Floating Jump Shot,substitution,rebound,0,High
21900162,594,rebound,4,PT06M49.00S,06:49,Q4 06:49,92,92,1610612752.0,Barrett,Barrett REBOUND (Off:0 Def:4),2pt missed,2pt missed,0,High
21900162,596,2pt,4,PT06M24.00S,06:24,Q4 06:24,92,92,1610612752.0,Randle,MISS Randle 4' Driving Layup,rebound,rebound,0,High
21900162,597,rebound,4,PT06M22.00S,06:22,Q4 06:22,92,92,1610612752.0,Robinson,Robinson REBOUND (Off:3 Def:5),2pt missed,2pt made,0,High
21900162,598,2pt,4,PT06M22.00S,06:22,Q4 06:22,94,92,1610612752.0,Robinson,Robinson 1' Putback Dunk (16 PTS),rebound,3pt made,2,High
21900162,599,3pt,4,PT06M08.00S,06:08,Q4 06:08,94,95,1610612742.0,Hardaway Jr.,Hardaway Jr. 24' 3PT Jump Shot (12 PTS) (Wright 2 AST),2pt made,foul,1,High
21900162,601,foul,4,PT05M53.00S,05:53,Q4 05:53,94,95,1610612742.0,Hardaway Jr.,Hardaway Jr. P.FOUL (P3.T2) (D.Collins),3pt made,timeout,1,High
21900162,603,timeout,4,PT05M53.00S,05:53,Q4 05:53,94,95,1610612752.0,,KNICKS Timeout: Regular (Full 4 Short 0),foul,substitution,1,High
21900162,604,substitution,4,PT05M53.00S,05:53,Q4 05:53,94,95,1610612742.0,Brunson,SUB out: J. Brunson,timeout,substitution,1,High
21900162,605,substitution,4,PT05M53.00S,05:53,Q4 05:53,94,95,1610612742.0,Doncic,SUB in: L. Doncic,substitution,3pt missed,1,High
21900162,606,3pt,4,PT05M41.00S,05:41,Q4 05:41,94,95,1610612752.0,Morris Sr.,MISS Morris Sr. 25' 3PT Jump Shot,substitution,rebound,1,High
21900162,607,rebound,4,PT05M39.00S,05:39,Q4 05:39,94,95,1610612742.0,Doncic,Doncic REBOUND (Off:1 Def:7),3pt missed,foul,1,High
21900162,611,foul,4,PT05M21.00S,05:21,Q4 05:21,94,95,1610612742.0,Marjanovic,Marjanovic Offensive Charge Foul (P3.T3) (D.Collins),rebound,turnover,1,High
21900162,613,turnover,4,PT05M21.00S,05:21,Q4 05:21,94,95,1610612742.0,Marjanovic,Marjanovic Offensive Foul Turnover (P1.T10),foul,substitution,1,High
21900162,614,substitution,4,PT05M21.00S,05:21,Q4 05:21,94,95,1610612742.0,Kleber,SUB out: M. Kleber,turnover,substitution,1,High
21900162,615,substitution,4,PT05M21.00S,05:21,Q4 05:21,94,95,1610612742.0,Marjanovic,SUB out: B. Marjanovic,substitution,substitution,1,High
21900162,616,substitution,4,PT05M21.00S,05:21,Q4 05:21,94,95,1610612752.0,Randle,SUB out: J. Randle,substitution,substitution,1,High
21900162,617,substitution,4,PT05M21.00S,05:21,Q4 05:21,94,95,1610612742.0,Porzingis,SUB in: K. Porzingis,substitution,substitution,1,High
21900162,618,substitution,4,PT05M21.00S,05:21,Q4 05:21,94,95,1610612742.0,Powell,SUB in: D. Powell,substitution,substitution,1,High
21900162,619,substitution,4,PT05M21.00S,05:21,Q4 05:21,94,95,1610612752.0,Dotson,SUB in: D. Dotson,substitution,2pt missed,1,High
21900162,618,2pt,4,PT05M02.00S,05:02,Q4 05:02,94,95,1610612752.0,Barrett,MISS Barrett 5' Driving Layup,substitution,block,1,High
21900162,618,block,4,PT05M02.00S,05:02,Q4 05:02,94,95,1610612742.0,Porzingis,Porzingis BLOCK (3 BLK),2pt missed,rebound,1,High
21900162,620,rebound,4,PT05M00.00S,05:00,Q4 05:00,94,95,1610612752.0,Barrett,Barrett REBOUND (Off:1 Def:4),block,2pt made,1,High
21900162,621,2pt,4,PT04M59.00S,04:59,Q4 04:59,96,95,1610612752.0,Barrett,Barrett 2' Layup (8 PTS),rebound,turnover,1,High
21900162,622,turnover,4,PT04M51.00S,04:51,Q4 04:51,96,95,1610612742.0,Doncic,Doncic Bad Pass Turnover (P2.T11),2pt made,steal,1,High
21900162,622,steal,4,PT04M51.00S,04:51,Q4 04:51,96,95,1610612752.0,Dotson,Dotson STEAL (3 STL),turnover,foul,1,High
21900162,626,foul,4,PT04M38.00S,04:38,Q4 04:38,96,95,1610612752.0,Robinson,Robinson OFF.Foul (P6) (D.Collins),steal,turnover,1,High
21900162,628,turnover,4,PT04M38.00S,04:38,Q4 04:38,96,95,1610612752.0,Robinson,Robinson Offensive Foul Turnover (P1.T15),foul,substitution,1,High
21900162,629,substitution,4,PT04M38.00S,04:38,Q4 04:38,96,95,1610612752.0,Robinson,SUB out: M. Robinson,turnover,substitution,1,High
21900162,630,substitution,4,PT04M38.00S,04:38,Q4 04:38,96,95,1610612752.0,Randle,SUB in: J. Randle,substitution,turnover,1,High
21900162,631,turnover,4,PT04M26.00S,04:26,Q4 04:26,96,95,1610612742.0,Doncic,Doncic Lost Ball Turnover (P3.T12),substitution,steal,1,High
21900162,631,steal,4,PT04M26.00S,04:26,Q4 04:26,96,95,1610612752.0,Ntilikina,Ntilikina STEAL (1 STL),turnover,3pt made,1,High
21900162,636,3pt,4,PT04M15.00S,04:15,Q4 04:15,99,95,1610612752.0,Morris Sr.,Morris Sr. 26' 3PT Jump Shot (17 PTS) (Ntilikina 2 AST),steal,3pt missed,4,High
21900162,638,3pt,4,PT03M55.00S,03:55,Q4 03:55,99,95,1610612742.0,Doncic,MISS Doncic 27' 3PT Step Back Jump Shot,3pt made,rebound,4,High
21900162,639,rebound,4,PT03M53.00S,03:53,Q4 03:53,99,95,1610612752.0,Barrett,Barrett REBOUND (Off:1 Def:5),3pt missed,2pt missed,4,High
21900162,640,2pt,4,PT03M37.00S,03:37,Q4 03:37,99,95,1610612752.0,Ntilikina,MISS Ntilikina 19' Jump Shot,rebound,rebound,4,High
21900162,641,rebound,4,PT03M35.00S,03:35,Q4 03:35,99,95,1610612742.0,,TEAM defensive REBOUND,2pt missed,2pt made,4,High
21900162,644,2pt,4,PT03M13.00S,03:13,Q4 03:13,99,97,1610612742.0,Powell,Powell 5' Alley Oop Layup (12 PTS) (Doncic 10 AST),rebound,timeout,2,High
21900162,646,timeout,4,PT03M09.00S,03:09,Q4 03:09,99,97,1610612752.0,,KNICKS Timeout: Regular (Full 5 Short 0),2pt made,instant replay,2,High
21900162,651,3pt,4,PT02M59.00S,02:59,Q4 02:59,99,97,1610612752.0,Ntilikina,MISS Ntilikina 25' 3PT Jump Shot,instant replay,rebound,2,High
21900162,652,rebound,4,PT02M58.00S,02:58,Q4 02:58,99,97,1610612752.0,,TEAM offensive REBOUND,3pt missed,substitution,2,High
21900162,654,substitution,4,PT02M58.00S,02:58,Q4 02:58,99,97,1610612752.0,Ntilikina,SUB out: F. Ntilikina,rebound,substitution,2,High
21900162,655,substitution,4,PT02M58.00S,02:58,Q4 02:58,99,97,1610612752.0,Smith Jr.,SUB in: D. Smith Jr.,substitution,2pt missed,2,High
21900162,656,2pt,4,PT02M48.00S,02:48,Q4 02:48,99,97,1610612752.0,Morris Sr.,MISS Morris Sr. 13' Fadeaway Jumper,substitution,rebound,2,High
21900162,657,rebound,4,PT02M46.00S,02:46,Q4 02:46,99,97,1610612742.0,Doncic,Doncic REBOUND (Off:1 Def:8),2pt missed,2pt made,2,High
21900162,658,2pt,4,PT02M32.00S,02:32,Q4 02:32,99,99,1610612742.0,Wright,Wright 1' Driving Reverse Layup (4 PTS) (Doncic 11 AST),rebound,2pt missed,0,High
21900162,660,2pt,4,PT02M11.00S,02:11,Q4 02:11,99,99,1610612752.0,Morris Sr.,MISS Morris Sr. 1' Driving Layup,2pt made,rebound,0,High
21900162,661,rebound,4,PT02M09.00S,02:09,Q4 02:09,99,99,1610612742.0,Porzingis,Porzingis REBOUND (Off:4 Def:7),2pt missed,3pt missed,0,High
21900162,662,3pt,4,PT01M52.00S,01:52,Q4 01:52,99,99,1610612742.0,Doncic,MISS Doncic 27' 3PT Step Back Jump Shot,rebound,rebound,0,Very High
21900162,663,rebound,4,PT01M50.00S,01:50,Q4 01:50,99,99,1610612752.0,Barrett,Barrett REBOUND (Off:1 Def:6),3pt missed,2pt made,0,Very High
21900162,664,2pt,4,PT01M32.00S,01:32,Q4 01:32,101,99,1610612752.0,Randle,Randle 1' Layup (17 PTS),rebound,2pt missed,2,Very High
21900162,665,2pt,4,PT01M13.00S,01:13,Q4 01:13,101,99,1610612742.0,Porzingis,MISS Porzingis 15' Jump Shot,2pt made,rebound,2,Very High
21900162,666,rebound,4,PT01M11.00S,01:11,Q4 01:11,101,99,1610612752.0,Morris Sr.,Morris Sr. REBOUND (Off:0 Def:5),2pt missed,2pt missed,2,Very High
21900162,667,2pt,4,PT00M47.60S,00:47,Q4 00:47,101,99,1610612752.0,Smith Jr.,MISS Smith Jr. 19' Jump Shot,rebound,rebound,2,Very High
21900162,668,rebound,4,PT00M46.70S,00:46,Q4 00:46,101,99,1610612742.0,Doncic,Doncic REBOUND (Off:1 Def:9),2pt missed,timeout,2,Very High
21900162,669,timeout,4,PT00M46.70S,00:46,Q4 00:46,101,99,1610612742.0,,Mavericks Timeout: Regular (Reg.6 Short 0),rebound,substitution,2,Very High
21900162,670,substitution,4,PT00M46.70S,00:46,Q4 00:46,101,99,1610612752.0,Dotson,SUB out: D. Dotson,timeout,substitution,2,Very High
21900162,671,substitution,4,PT00M46.70S,00:46,Q4 00:46,101,99,1610612752.0,Smith Jr.,SUB out: D. Smith Jr.,substitution,substitution,2,Very High
21900162,672,substitution,4,PT00M46.70S,00:46,Q4 00:46,101,99,1610612742.0,Powell,SUB out: D. Powell,substitution,substitution,2,Very High
21900162,673,substitution,4,PT00M46.70S,00:46,Q4 00:46,101,99,1610612752.0,Ntilikina,SUB in: F. Ntilikina,substitution,substitution,2,Very High
21900162,674,substitution,4,PT00M46.70S,00:46,Q4 00:46,101,99,1610612752.0,Gibson,SUB in: T. Gibson,substitution,substitution,2,Very High
21900162,675,substitution,4,PT00M46.70S,00:46,Q4 00:46,101,99,1610612742.0,Curry,SUB in: S. Curry,substitution,3pt missed,2,Very High
21900162,676,3pt,4,PT00M39.70S,00:39,Q4 00:39,101,99,1610612742.0,Hardaway Jr.,MISS Hardaway Jr. 3PT Jump Shot,substitution,rebound,2,Very High
21900162,677,rebound,4,PT00M38.00S,00:38,Q4 00:38,101,99,1610612742.0,Curry,Curry REBOUND (Off:1 Def:1),3pt missed,2pt made,2,Very High
21900162,678,2pt,4,PT00M38.00S,00:38,Q4 00:38,101,101,1610612742.0,Curry,Curry 1' Putback Layup (2 PTS),rebound,timeout,0,Very High
21900162,679,timeout,4,PT00M38.00S,00:38,Q4 00:38,101,101,1610612752.0,,KNICKS Timeout: Regular (Full 6 Short 0),2pt made,substitution,0,Very High
21900162,680,substitution,4,PT00M38.00S,00:38,Q4 00:38,101,101,1610612752.0,Gibson,SUB out: T. Gibson,timeout,substitution,0,Very High
21900162,681,substitution,4,PT00M38.00S,00:38,Q4 00:38,101,101,1610612742.0,Hardaway Jr.,SUB out: T. Hardaway Jr.,substitution,substitution,0,Very High
21900162,682,substitution,4,PT00M38.00S,00:38,Q4 00:38,101,101,1610612742.0,Curry,SUB out: S. Curry,substitution,substitution,0,Very High
21900162,683,substitution,4,PT00M38.00S,00:38,Q4 00:38,101,101,1610612752.0,Dotson,SUB in: D. Dotson,substitution,substitution,0,Very High
21900162,684,substitution,4,PT00M38.00S,00:38,Q4 00:38,101,101,1610612742.0,Kleber,SUB in: M. Kleber,substitution,substitution,0,Very High
21900162,685,substitution,4,PT00M38.00S,00:38,Q4 00:38,101,101,1610612742.0,Finney-Smith,SUB in: D. Finney-Smith,substitution,2pt missed,0,Very High
21900162,686,2pt,4,PT00M27.00S,00:27,Q4 00:27,101,101,1610612752.0,Barrett,MISS Barrett 2' Driving Layup,substitution,rebound,0,Very High
21900162,687,rebound,4,PT00M26.00S,00:26,Q4 00:26,101,101,1610612752.0,,TEAM offensive REBOUND,2pt missed,3pt made,0,Very High
21900162,691,3pt,4,PT00M13.40S,00:13,Q4 00:13,104,101,1610612752.0,Morris Sr.,Morris Sr. 26' 3PT Step Back Jump Shot (20 PTS),rebound,timeout,3,Very High
21900162,692,timeout,4,PT00M13.20S,00:13,Q4 00:13,104,101,1610612742.0,,Mavericks Timeout: Regular (Reg.7 Short 0),3pt made,substitution,3,Very High
21900162,693,substitution,4,PT00M13.20S,00:13,Q4 00:13,104,101,1610612752.0,Dotson,SUB out: D. Dotson,timeout,substitution,3,Very High
21900162,694,substitution,4,PT00M13.20S,00:13,Q4 00:13,104,101,1610612742.0,Wright,SUB out: D. Wright,substitution,substitution,3,Very High
21900162,695,substitution,4,PT00M13.20S,00:13,Q4 00:13,104,101,1610612742.0,Finney-Smith,SUB out: D. Finney-Smith,substitution,substitution,3,Very High
21900162,696,substitution,4,PT00M13.20S,00:13,Q4 00:13,104,101,1610612742.0,Kleber,SUB out: M. Kleber,substitution,substitution,3,Very High
21900162,697,substitution,4,PT00M13.20S,00:13,Q4 00:13,104,101,1610612752.0,Gibson,SUB in: T. Gibson,substitution,substitution,3,Very High
21900162,698,substitution,4,PT00M13.20S,00:13,Q4 00:13,104,101,1610612742.0,Brunson,SUB in: J. Brunson,substitution,substitution,3,Very High
21900162,699,substitution,4,PT00M13.20S,00:13,Q4 00:13,104,101,1610612742.0,Curry,SUB in: S. Curry,substitution,substitution,3,Very High
21900162,700,substitution,4,PT00M13.20S,00:13,Q4 00:13,104,101,1610612742.0,Hardaway Jr.,SUB in: T. Hardaway Jr.,substitution,2pt made,3,Very High
21900162,702,2pt,4,PT00M05.80S,00:05,Q4 00:05,104,103,1610612742.0,Doncic,Doncic 3' Driving Finger Roll Layup (33 PTS),substitution,timeout,1,Very High
21900162,703,timeout,4,PT00M05.80S,00:05,Q4 00:05,104,103,1610612752.0,,KNICKS Timeout: Regular (Full 7 Short 0),2pt made,substitution,1,Very High
21900162,706,substitution,4,PT00M05.80S,00:05,Q4 00:05,104,103,1610612752.0,Barrett,SUB out: R. Barrett,timeout,substitution,1,Very High
21900162,707,substitution,4,PT00M05.80S,00:05,Q4 00:05,104,103,1610612752.0,Gibson,SUB out: T. Gibson,substitution,substitution,1,Very High
21900162,708,substitution,4,PT00M05.80S,00:05,Q4 00:05,104,103,1610612742.0,Porzingis,SUB out: K. Porzingis,substitution,substitution,1,Very High
21900162,709,substitution,4,PT00M05.80S,00:05,Q4 00:05,104,103,1610612742.0,Curry,SUB out: S. Curry,substitution,substitution,1,Very High
21900162,710,substitution,4,PT00M05.80S,00:05,Q4 00:05,104,103,1610612752.0,Ellington,SUB in: W. Ellington,substitution,substitution,1,Very High
21900162,711,substitution,4,PT00M05.80S,00:05,Q4 00:05,104,103,1610612752.0,Dotson,SUB in: D. Dotson,substitution,substitution,1,Very High
21900162,712,substitution,4,PT00M05.80S,00:05,Q4 00:05,104,103,1610612742.0,Wright,SUB in: D. Wright,substitution,substitution,1,Very High
21900162,713,substitution,4,PT00M05.80S,00:05,Q4 00:05,104,103,1610612742.0,Finney-Smith,SUB in: D. Finney-Smith,substitution,foul,1,Very High
21900162,704,foul,4,PT00M04.40S,00:04,Q4 00:04,104,103,1610612742.0,Wright,Wright Personal Take Foul (P1.T4) (D.Collins),substitution,foul,1,Very High
21900162,714,foul,4,PT00M03.90S,00:03,Q4 00:03,104,103,1610612742.0,Doncic,Doncic Personal Take Foul (P1.PN) (T.Washington),foul,freethrow,1,Very High
21900162,716,freethrow,4,PT00M03.90S,00:03,Q4 00:03,105,103,1610612752.0,Ntilikina,Ntilikina Free Throw 1 of 2 (4 PTS),foul,freethrow,2,Very High
21900162,725,freethrow,4,PT00M03.90S,00:03,Q4 00:03,106,103,1610612752.0,Ntilikina,Ntilikina Free Throw 2 of 2 (5 PTS),freethrow,substitution,3,Very High
21900162,717,substitution,4,PT00M03.90S,00:03,Q4 00:03,104,103,1610612752.0,Ellington,SUB out: W. Ellington,freethrow,substitution,1,Very High
21900162,718,substitution,4,PT00M03.90S,00:03,Q4 00:03,104,103,1610612752.0,Dotson,SUB out: D. Dotson,substitution,substitution,1,Very High
21900162,719,substitution,4,PT00M03.90S,00:03,Q4 00:03,104,103,1610612742.0,Brunson,SUB out: J. Brunson,substitution,substitution,1,Very High
21900162,720,substitution,4,PT00M03.90S,00:03,Q4 00:03,104,103,1610612742.0,Wright,SUB out: D. Wright,substitution,substitution,1,Very High
21900162,721,substitution,4,PT00M03.90S,00:03,Q4 00:03,104,103,1610612752.0,Barrett,SUB in: R. Barrett,substitution,substitution,1,Very High
21900162,722,substitution,4,PT00M03.90S,00:03,Q4 00:03,104,103,1610612752.0,Gibson,SUB in: T. Gibson,substitution,substitution,1,Very High
21900162,723,substitution,4,PT00M03.90S,00:03,Q4 00:03,104,103,1610612742.0,Porzingis,SUB in: K. Porzingis,substitution,substitution,1,Very High
21900162,724,substitution,4,PT00M03.90S,00:03,Q4 00:03,104,103,1610612742.0,Curry,SUB in: S. Curry,substitution,3pt missed,1,Very High
21900162,726,3pt,4,PT00M02.00S,00:02,Q4 00:02,106,103,1610612742.0,Curry,MISS Curry 26' 3PT Jump Shot,substitution,rebound,3,Very High
21900162,727,rebound,4,PT00M00.80S,00:00,Q4 00:00,106,103,1610612742.0,,TEAM offensive REBOUND,3pt missed,instant replay,3,Very High
21900162,731,substitution,4,PT00M00.80S,00:00,Q4 00:00,106,103,1610612742.0,Finney-Smith,SUB out: D. Finney-Smith,instant replay,substitution,3,Very High
21900162,732,substitution,4,PT00M00.80S,00:00,Q4 00:00,106,103,1610612742.0,Kleber,SUB in: M. Kleber,substitution,period,3,Very High
21900162,730,period,4,PT00M00.00S,00:00,Q4 00:00,106,103,1610612752.0,,End of 4th Period (10:50 PM EST),substitution,,3,Very High
