game_id,actionNumber,actionType,period,clock,clock_display,game_clock,scoreHome,scoreAway,teamId,playerName,description,previous_action,next_action,score_margin,leverage_bucket
21800369,2,period,1,PT12M00.00S,12:00,Q1 12:00,0,0,1610612765.0,,Start of 1st Period (7:16 PM EST),,2pt made,0,Low
21800369,7,2pt,1,PT11M47.00S,11:47,Q1 11:47,0,2,1610612755.0,Butler,Butler 18' Step Back Jump Shot (2 PTS),period,turnover,2,Low
21800369,8,turnover,1,PT11M29.00S,11:29,Q1 11:29,0,2,1610612765.0,Jackson,Jackson Bad Pass Turnover (P1.T1),2pt made,steal,2,Low
21800369,8,steal,1,PT11M29.00S,11:29,Q1 11:29,0,2,1610612755.0,Butler,Butler STEAL (1 STL),turnover,2pt made,2,Low
21800369,10,2pt,1,PT11M22.00S,11:22,Q1 11:22,0,4,1610612755.0,Simmons,Simmons 5' Layup (2 PTS) (Butler 1 AST),steal,3pt missed,4,Low
21800369,12,3pt,1,PT11M09.00S,11:09,Q1 11:09,0,4,1610612765.0,Jackson,MISS Jackson 26' 3PT Jump Shot,2pt made,rebound,4,Low
21800369,13,rebound,1,PT11M04.00S,11:04,Q1 11:04,0,4,1610612755.0,Simmons,Simmons REBOUND (Off:0 Def:1),3pt missed,3pt missed,4,Low
21800369,14,3pt,1,PT10M57.00S,10:57,Q1 10:57,0,4,1610612755.0,Johnson,MISS Johnson 28' 3PT Jump Shot,rebound,rebound,4,Low
21800369,15,rebound,1,PT10M54.00S,10:54,Q1 10:54,0,4,1610612765.0,Drummond,Drummond REBOUND (Off:0 Def:1),3pt missed,foul,4,Low
21800369,16,foul,1,PT10M48.00S,10:48,Q1 10:48,0,4,1610612755.0,Simmons,Simmons S.FOUL (P1.T1) (M.Boland),rebound,freethrow,4,Low
21800369,18,freethrow,1,PT10M48.00S,10:48,Q1 10:48,0,4,1610612765.0,Griffin,MISS Griffin Free Throw 1 of 2,foul,rebound,4,Low
21800369,19,rebound,1,PT10M48.00S,10:48,Q1 10:48,0,4,1610612765.0,,TEAM offensive REBOUND,freethrow,freethrow,4,Low
21800369,20,freethrow,1,PT10M48.00S,10:48,Q1 10:48,1,4,1610612765.0,Griffin,Griffin Free Throw 2 of 2 (1 PTS),rebound,3pt missed,3,Low
21800369,21,3pt,1,PT10M39.00S,10:39,Q1 10:39,1,4,1610612755.0,Butler,MISS Butler 27' 3PT Pullup Jump Shot,freethrow,rebound,3,Low
21800369,22,rebound,1,PT10M36.00S,10:36,Q1 10:36,1,4,1610612765.0,Robinson III,Robinson III REBOUND (Off:0 Def:1),3pt missed,turnover,3,Low
21800369,26,turnover,1,PT10M26.00S,10:26,Q1 10:26,1,4,1610612765.0,Robinson III,Robinson III Lost Ball Turnover (P1.T2),rebound,steal,3,Low
21800369,26,steal,1,PT10M26.00S,10:26,Q1 10:26,1,4,1610612755.0,Johnson,Johnson STEAL (1 STL),turnover,turnover,3,Low
21800369,28,turnover,1,PT10M24.00S,10:24,Q1 10:24,1,4,1610612755.0,Simmons,Simmons Out of Bounds - Bad Pass Turnover Turnover (P1.T1),steal,3pt missed,3,Low
21800369,29,3pt,1,PT10M05.00S,10:05,Q1 10:05,1,4,1610612765.0,Drummond,MISS Drummond 3PT Jump Shot,turnover,rebound,3,Low
21800369,30,rebound,1,PT10M05.00S,10:05,Q1 10:05,1,4,1610612765.0,Robinson III,Robinson III REBOUND (Off:1 Def:1),3pt missed,2pt missed,3,Low
21800369,31,2pt,1,PT10M05.00S,10:05,Q1 10:05,1,4,1610612765.0,Robinson III,MISS Robinson III 6' Layup,rebound,block,3,Low
21800369,31,block,1,PT10M05.00S,10:05,Q1 10:05,1,4,1610612755.0,Redick,Redick BLOCK (1 BLK),2pt missed,rebound,3,Low
21800369,33,rebound,1,PT10M04.00S,10:04,Q1 10:04,1,4,1610612765.0,,TEAM offensive REBOUND,block,turnover,3,Low
21800369,34,turnover,1,PT10M01.00S,10:01,Q1 10:01,1,4,0.0,,PISTONS Turnover: Shot Clock (T#3),rebound,2pt made,3,Low
21800369,35,2pt,1,PT09M57.00S,09:57,Q1 09:57,1,6,1610612755.0,Redick,Redick 17' Pullup Jump Shot (2 PTS) (Simmons 1 AST),turnover,2pt made,5,Low
21800369,36,2pt,1,PT09M39.00S,09:39,Q1 09:39,3,6,1610612765.0,Drummond,Drummond 4' Layup (2 PTS) (Brown 1 AST),2pt made,foul,3,Low
21800369,38,foul,1,PT09M39.00S,09:39,Q1 09:39,3,6,1610612755.0,Butler,Butler S.FOUL (P1.T2) (D.Guthrie),2pt made,freethrow,3,Low
21800369,41,freethrow,1,PT09M39.00S,09:39,Q1 09:39,4,6,1610612765.0,Drummond,Drummond Free Throw 1 of 1 (3 PTS),foul,2pt missed,2,Low
21800369,42,2pt,1,PT09M26.00S,09:26,Q1 09:26,4,6,1610612755.0,Redick,MISS Redick 3' Driving Layup,freethrow,block,2,Low
21800369,42,block,1,PT09M26.00S,09:26,Q1 09:26,4,6,1610612765.0,Jackson,Jackson BLOCK (1 BLK),2pt missed,rebound,2,Low
21800369,43,rebound,1,PT09M23.00S,09:23,Q1 09:23,4,6,1610612765.0,Griffin,Griffin REBOUND (Off:0 Def:1),block,2pt made,2,Low
21800369,44,2pt,1,PT09M19.00S,09:19,Q1 09:19,6,6,1610612765.0,Griffin,Griffin 3' Driving Layup (3 PTS),rebound,foul,0,Low
21800369,45,foul,1,PT09M13.00S,09:13,Q1 09:13,6,6,1610612765.0,Jackson,Jackson P.FOUL (P1.T1) (K.Cutler),2pt made,foul,0,Low
21800369,47,foul,1,PT09M00.00S,09:00,Q1 09:00,6,6,1610612765.0,Jackson,Jackson P.FOUL (P2.T2) (D.Guthrie),foul,turnover,0,Low
21800369,49,turnover,1,PT08M52.00S,08:52,Q1 08:52,6,6,1610612755.0,Johnson,Johnson Bad Pass Turnover (P1.T2),foul,steal,0,Low
21800369,49,steal,1,PT08M52.00S,08:52,Q1 08:52,6,6,1610612765.0,Jackson,Jackson STEAL (1 STL),turnover,2pt made,0,Low
21800369,51,2pt,1,PT08M49.00S,08:49,Q1 08:49,8,6,1610612765.0,Jackson,Jackson 2' Running Dunk (2 PTS),steal,3pt missed,2,Low
21800369,52,3pt,1,PT08M33.00S,08:33,Q1 08:33,8,6,1610612755.0,Redick,MISS Redick 26' 3PT Jump Shot,2pt made,rebound,2,Low
21800369,53,rebound,1,PT08M31.00S,08:31,Q1 08:31,8,6,1610612755.0,Simmons,Simmons REBOUND (Off:1 Def:1),3pt missed,2pt made,2,Low
21800369,54,2pt,1,PT08M28.00S,08:28,Q1 08:28,8,8,1610612755.0,Simmons,Simmons 8' Hook Shot (4 PTS),rebound,2pt missed,0,Low
21800369,55,2pt,1,PT08M16.00S,08:16,Q1 08:16,8,8,1610612765.0,Drummond,MISS Drummond 2' Layup,2pt made,rebound,0,Low
21800369,56,rebound,1,PT08M13.00S,08:13,Q1 08:13,8,8,1610612755.0,Johnson,Johnson REBOUND (Off:0 Def:1),2pt missed,turnover,0,Low
21800369,57,turnover,1,PT08M10.00S,08:10,Q1 08:10,8,8,1610612755.0,Redick,Redick Bad Pass Turnover (P1.T3),rebound,steal,0,Low
21800369,57,steal,1,PT08M10.00S,08:10,Q1 08:10,8,8,1610612765.0,Drummond,Drummond STEAL (1 STL),turnover,3pt missed,0,Low
21800369,59,3pt,1,PT07M59.00S,07:59,Q1 07:59,8,8,1610612765.0,Robinson III,MISS Robinson III 3PT Jump Shot,steal,rebound,0,Low
21800369,60,rebound,1,PT07M53.00S,07:53,Q1 07:53,8,8,1610612755.0,Redick,Redick REBOUND (Off:0 Def:1),3pt missed,2pt missed,0,Low
21800369,61,2pt,1,PT07M50.00S,07:50,Q1 07:50,8,8,1610612755.0,Simmons,MISS Simmons 6' Hook Shot,rebound,rebound,0,Low
21800369,62,rebound,1,PT07M47.00S,07:47,Q1 07:47,8,8,1610612765.0,Jackson,Jackson REBOUND (Off:0 Def:1),2pt missed,turnover,0,Low
21800369,63,turnover,1,PT07M44.00S,07:44,Q1 07:44,8,8,1610612765.0,Jackson,Jackson Bad Pass Turnover (P2.T4),rebound,steal,0,Low
21800369,63,steal,1,PT07M44.00S,07:44,Q1 07:44,8,8,1610612755.0,Johnson,Johnson STEAL (2 STL),turnover,2pt made,0,Low
21800369,65,2pt,1,PT07M41.00S,07:41,Q1 07:41,8,10,1610612755.0,Simmons,Simmons 2' Dunk (6 PTS) (Redick 1 AST),steal,timeout,2,Low
21800369,67,timeout,1,PT07M40.00S,07:40,Q1 07:40,8,10,1610612765.0,,PISTONS Timeout: Regular (Full 1 Short 0),2pt made,2pt made,2,Low
21800369,68,2pt,1,PT07M18.00S,07:18,Q1 07:18,10,10,1610612765.0,Griffin,Griffin 5' Hook Shot (5 PTS),timeout,2pt missed,0,Low
21800369,69,2pt,1,PT07M01.00S,07:01,Q1 07:01,10,10,1610612755.0,Butler,MISS Butler 9' Jump Shot,2pt made,rebound,0,Low
21800369,70,rebound,1,PT06M58.00S,06:58,Q1 06:58,10,10,1610612755.0,Johnson,Johnson REBOUND (Off:1 Def:1),2pt missed,3pt missed,0,Low
21800369,71,3pt,1,PT06M50.00S,06:50,Q1 06:50,10,10,1610612755.0,Butler,MISS Butler 26' 3PT Pullup Jump Shot,rebound,rebound,0,Low
21800369,72,rebound,1,PT06M50.00S,06:50,Q1 06:50,10,10,1610612765.0,,TEAM defensive REBOUND,3pt missed,substitution,0,Low
21800369,74,substitution,1,PT06M50.00S,06:50,Q1 06:50,10,10,1610612755.0,Chandler,SUB out: W. Chandler,rebound,substitution,0,Low
21800369,75,substitution,1,PT06M50.00S,06:50,Q1 06:50,10,10,1610612755.0,Johnson,SUB out: A. Johnson,substitution,substitution,0,Low
21800369,76,substitution,1,PT06M50.00S,06:50,Q1 06:50,10,10,1610612755.0,Redick,SUB out: J. Redick,substitution,substitution,0,Low
21800369,77,substitution,1,PT06M50.00S,06:50,Q1 06:50,10,10,1610612755.0,McConnell,SUB in: T. McConnell,substitution,substitution,0,Low
21800369,78,substitution,1,PT06M50.00S,06:50,Q1 06:50,10,10,1610612755.0,Muscala,SUB in: M. Muscala,substitution,substitution,0,Low
21800369,79,substitution,1,PT06M50.00S,06:50,Q1 06:50,10,10,1610612755.0,Shamet,SUB in: L. Shamet,substitution,2pt made,0,Low
21800369,81,2pt,1,PT06M28.00S,06:28,Q1 06:28,12,10,1610612765.0,Drummond,Drummond 4' Layup (5 PTS) (Jackson 1 AST),substitution,3pt missed,2,Low
21800369,83,3pt,1,PT06M18.00S,06:18,Q1 06:18,12,10,1610612755.0,Muscala,MISS Muscala 27' 3PT Jump Shot,2pt made,rebound,2,Low
21800369,84,rebound,1,PT06M14.00S,06:14,Q1 06:14,12,10,1610612755.0,Butler,Butler REBOUND (Off:1 Def:0),3pt missed,2pt missed,2,Low
21800369,85,2pt,1,PT06M11.00S,06:11,Q1 06:11,12,10,1610612755.0,Butler,MISS Butler 5' Layup,rebound,rebound,2,Low
21800369,86,rebound,1,PT06M09.00S,06:09,Q1 06:09,12,10,1610612765.0,Brown,Brown REBOUND (Off:0 Def:1),2pt missed,2pt made,2,Low
21800369,87,2pt,1,PT06M05.00S,06:05,Q1 06:05,14,10,1610612765.0,Robinson III,Robinson III 13' Pullup Jump Shot (2 PTS) (Brown 2 AST),rebound,2pt made,4,Low
21800369,89,2pt,1,PT05M48.00S,05:48,Q1 05:48,14,12,1610612755.0,McConnell,McConnell 12' Pullup Jump Shot (2 PTS),2pt made,2pt made,2,Low
21800369,90,2pt,1,PT05M28.00S,05:28,Q1 05:28,16,12,1610612765.0,Drummond,Drummond 6' Hook Shot (7 PTS) (Griffin 1 AST),2pt made,2pt missed,4,Low
21800369,92,2pt,1,PT05M15.00S,05:15,Q1 05:15,16,12,1610612755.0,Simmons,MISS Simmons 3' Driving Layup,2pt made,rebound,4,Low
21800369,93,rebound,1,PT05M13.00S,05:13,Q1 05:13,16,12,1610612765.0,Drummond,Drummond REBOUND (Off:0 Def:2),2pt missed,foul,4,Low
21800369,94,foul,1,PT05M06.00S,05:06,Q1 05:06,16,12,1610612755.0,Muscala,Muscala S.FOUL (P1.T3) (M.Boland),rebound,freethrow,4,Low
21800369,96,freethrow,1,PT05M06.00S,05:06,Q1 05:06,17,12,1610612765.0,Griffin,Griffin Free Throw 1 of 2 (6 PTS),foul,freethrow,5,Low
21800369,101,freethrow,1,PT05M06.00S,05:06,Q1 05:06,17,12,1610612765.0,Griffin,MISS Griffin Free Throw 2 of 2,freethrow,substitution,5,Low
21800369,97,substitution,1,PT05M06.00S,05:06,Q1 05:06,17,12,1610612765.0,Jackson,SUB out: R. Jackson,freethrow,substitution,5,Low
21800369,98,substitution,1,PT05M06.00S,05:06,Q1 05:06,17,12,1610612755.0,Butler,SUB out: J. Butler,substitution,substitution,5,Low
21800369,99,substitution,1,PT05M06.00S,05:06,Q1 05:06,17,12,1610612765.0,Calderon,SUB in: J. Calderon,substitution,substitution,5,Low
21800369,100,substitution,1,PT05M06.00S,05:06,Q1 05:06,17,12,1610612755.0,Korkmaz,SUB in: F. Korkmaz,substitution,rebound,5,Low
21800369,102,rebound,1,PT05M03.00S,05:03,Q1 05:03,17,12,1610612765.0,Griffin,Griffin REBOUND (Off:1 Def:1),substitution,2pt made,5,Low
21800369,103,2pt,1,PT04M57.00S,04:57,Q1 04:57,19,12,1610612765.0,Griffin,Griffin 4' Turnaround Hook Shot (8 PTS),rebound,foul,7,Low
21800369,104,foul,1,PT04M38.00S,04:38,Q1 04:38,19,12,1610612765.0,Robinson III,Robinson III P.FOUL (P1.T3) (M.Boland),2pt made,substitution,7,Low
21800369,106,substitution,1,PT04M38.00S,04:38,Q1 04:38,19,12,1610612765.0,Brown,SUB out: B. Brown,foul,substitution,7,Low
21800369,107,substitution,1,PT04M38.00S,04:38,Q1 04:38,19,12,1610612765.0,Galloway,SUB in: L. Galloway,substitution,3pt missed,7,Low
21800369,109,3pt,1,PT04M32.00S,04:32,Q1 04:32,19,12,1610612755.0,Korkmaz,MISS Korkmaz 24' 3PT Jump Shot,substitution,rebound,7,Low
21800369,110,rebound,1,PT04M31.00S,04:31,Q1 04:31,19,12,1610612765.0,,TEAM defensive REBOUND,3pt missed,foul,7,Low
21800369,112,foul,1,PT04M24.00S,04:24,Q1 04:24,19,12,1610612755.0,Korkmaz,Korkmaz P.FOUL (P1.T4) (K.Cutler),rebound,3pt missed,7,Low
21800369,114,3pt,1,PT04M11.00S,04:11,Q1 04:11,19,12,1610612765.0,Griffin,MISS Griffin 27' 3PT Pullup Jump Shot,foul,rebound,7,Low
21800369,115,rebound,1,PT04M06.00S,04:06,Q1 04:06,19,12,1610612755.0,Korkmaz,Korkmaz REBOUND (Off:0 Def:1),3pt missed,2pt made,7,Low
21800369,116,2pt,1,PT04M01.00S,04:01,Q1 04:01,19,14,1610612755.0,Korkmaz,Korkmaz 5' Driving Finger Roll Layup (2 PTS) (McConnell 1 AST),rebound,2pt missed,5,Low
21800369,118,2pt,1,PT03M48.00S,03:48,Q1 03:48,19,14,1610612765.0,Drummond,MISS Drummond 6' Hook Shot,2pt made,rebound,5,Low
21800369,119,rebound,1,PT03M45.00S,03:45,Q1 03:45,19,14,1610612755.0,Korkmaz,Korkmaz REBOUND (Off:0 Def:2),2pt missed,2pt made,5,Low
21800369,120,2pt,1,PT03M40.00S,03:40,Q1 03:40,19,16,1610612755.0,McConnell,McConnell 7' Turnaround Fadeaway Bank Jump Shot (4 PTS),rebound,2pt missed,3,Low
21800369,121,2pt,1,PT03M25.00S,03:25,Q1 03:25,19,16,1610612765.0,Calderon,MISS Calderon 5' Driving Floating Bank Jump Shot,2pt made,rebound,3,Low
21800369,122,rebound,1,PT03M22.00S,03:22,Q1 03:22,19,16,1610612755.0,Muscala,Muscala REBOUND (Off:0 Def:1),2pt missed,2pt made,3,Low
21800369,123,2pt,1,PT03M18.00S,03:18,Q1 03:18,19,18,1610612755.0,Simmons,Simmons 4' Driving Layup (8 PTS),rebound,foul,1,Low
21800369,124,foul,1,PT03M08.00S,03:08,Q1 03:08,19,18,1610612755.0,Shamet,Shamet P.FOUL (P1.PN) (K.Cutler),2pt made,freethrow,1,Low
21800369,126,freethrow,1,PT03M08.00S,03:08,Q1 03:08,19,18,1610612765.0,Griffin,MISS Griffin Free Throw 1 of 2,foul,rebound,1,Low
21800369,127,rebound,1,PT03M08.00S,03:08,Q1 03:08,19,18,1610612765.0,,TEAM offensive REBOUND,freethrow,freethrow,1,Low
21800369,138,freethrow,1,PT03M08.00S,03:08,Q1 03:08,20,18,1610612765.0,Griffin,Griffin Free Throw 2 of 2 (9 PTS),rebound,substitution,2,Low
21800369,128,substitution,1,PT03M08.00S,03:08,Q1 03:08,19,18,1610612765.0,Drummond,SUB out: A. Drummond,freethrow,substitution,1,Low
21800369,129,substitution,1,PT03M08.00S,03:08,Q1 03:08,19,18,1610612765.0,Robinson III,SUB out: G. Robinson III,substitution,substitution,1,Low
21800369,130,substitution,1,PT03M08.00S,03:08,Q1 03:08,19,18,1610612755.0,Shamet,SUB out: L. Shamet,substitution,substitution,1,Low
21800369,131,substitution,1,PT03M08.00S,03:08,Q1 03:08,19,18,1610612755.0,Simmons,SUB out: B. Simmons,substitution,substitution,1,Low
21800369,132,substitution,1,PT03M08.00S,03:08,Q1 03:08,19,18,1610612755.0,Korkmaz,SUB out: F. Korkmaz,substitution,substitution,1,Low
21800369,133,substitution,1,PT03M08.00S,03:08,Q1 03:08,19,18,1610612765.0,Pachulia,SUB in: Z. Pachulia,substitution,substitution,1,Low
21800369,134,substitution,1,PT03M08.00S,03:08,Q1 03:08,19,18,1610612765.0,Brown,SUB in: B. Brown,substitution,substitution,1,Low
21800369,135,substitution,1,PT03M08.00S,03:08,Q1 03:08,19,18,1610612755.0,Redick,SUB in: J. Redick,substitution,substitution,1,Low
21800369,136,substitution,1,PT03M08.00S,03:08,Q1 03:08,19,18,1610612755.0,Butler,SUB in: J. Butler,substitution,substitution,1,Low
21800369,137,substitution,1,PT03M08.00S,03:08,Q1 03:08,19,18,1610612755.0,Chandler,SUB in: W. Chandler,substitution,2pt made,1,Low
21800369,139,2pt,1,PT02M48.00S,02:48,Q1 02:48,20,20,1610612755.0,Chandler,Chandler 15' Pullup Jump Shot (2 PTS) (Butler 2 AST),substitution,foul,0,Low
21800369,140,foul,1,PT02M41.00S,02:41,Q1 02:41,20,20,1610612755.0,Chandler,Chandler P.FOUL (P1.PN) (D.Guthrie),2pt made,timeout,0,Low
21800369,143,timeout,1,PT02M41.00S,02:41,Q1 02:41,20,20,1610612755.0,,76ers Timeout: Regular (Reg.1 Short 0),foul,freethrow,0,Low
21800369,144,freethrow,1,PT02M41.00S,02:41,Q1 02:41,21,20,1610612765.0,Griffin,Griffin Free Throw 1 of 2 (10 PTS),timeout,freethrow,1,Low
21800369,145,freethrow,1,PT02M41.00S,02:41,Q1 02:41,22,20,1610612765.0,Griffin,Griffin Free Throw 2 of 2 (11 PTS),freethrow,3pt made,2,Low
21800369,146,3pt,1,PT02M27.00S,02:27,Q1 02:27,22,23,1610612755.0,Chandler,Chandler 3PT Jump Shot (5 PTS) (Butler 3 AST),freethrow,2pt made,1,Low
21800369,148,2pt,1,PT02M05.00S,02:05,Q1 02:05,24,23,1610612765.0,Brown,Brown 6' Jump Bank Shot (2 PTS) (Griffin 2 AST),3pt made,2pt missed,1,Low
21800369,151,2pt,1,PT01M40.00S,01:40,Q1 01:40,24,23,1610612755.0,Butler,MISS Butler 6' Driving Layup,2pt made,rebound,1,Low
21800369,152,rebound,1,PT01M37.00S,01:37,Q1 01:37,24,23,1610612765.0,Griffin,Griffin REBOUND (Off:1 Def:2),2pt missed,2pt missed,1,Low
21800369,153,2pt,1,PT01M33.00S,01:33,Q1 01:33,24,23,1610612765.0,Griffin,MISS Griffin 5' Driving Layup,rebound,rebound,1,Low
21800369,154,rebound,1,PT01M31.00S,01:31,Q1 01:31,24,23,1610612765.0,Pachulia,Pachulia REBOUND (Off:1 Def:0),2pt missed,3pt missed,1,Low
21800369,155,3pt,1,PT01M28.00S,01:28,Q1 01:28,24,23,1610612765.0,Galloway,MISS Galloway 24' 3PT Jump Shot,rebound,rebound,1,Low
21800369,156,rebound,1,PT01M25.00S,01:25,Q1 01:25,24,23,1610612755.0,Muscala,Muscala REBOUND (Off:0 Def:2),3pt missed,2pt made,1,Low
21800369,157,2pt,1,PT01M22.00S,01:22,Q1 01:22,24,25,1610612755.0,Butler,Butler 2' Driving Dunk (4 PTS) (McConnell 2 AST),rebound,3pt missed,1,Low
21800369,159,3pt,1,PT00M58.10S,00:58,Q1 00:58,24,25,1610612765.0,Galloway,MISS Galloway 29' 3PT Jump Shot,2pt made,rebound,1,Low
21800369,160,rebound,1,PT00M55.80S,00:55,Q1 00:55,24,25,1610612765.0,Brown,Brown REBOUND (Off:1 Def:1),3pt missed,3pt made,1,Low
21800369,161,3pt,1,PT00M49.50S,00:49,Q1 00:49,27,25,1610612765.0,Calderon,Calderon 27' 3PT Pullup Jump Shot (3 PTS) (Griffin 3 AST),rebound,2pt missed,2,Low
21800369,163,2pt,1,PT00M40.60S,00:40,Q1 00:40,27,25,1610612755.0,Redick,MISS Redick 4' Cutting Layup Shot,3pt made,rebound,2,Low
21800369,164,rebound,1,PT00M38.40S,00:38,Q1 00:38,27,25,1610612765.0,Griffin,Griffin REBOUND (Off:1 Def:3),2pt missed,foul,2,Low
21800369,165,foul,1,PT00M30.40S,00:30,Q1 00:30,27,25,1610612765.0,Pachulia,Pachulia OFF.Foul (P1) (M.Boland),rebound,turnover,2,Low
21800369,167,turnover,1,PT00M30.40S,00:30,Q1 00:30,27,25,1610612765.0,Pachulia,Pachulia Offensive Foul Turnover (P1.T5),foul,3pt made,2,Low
21800369,168,3pt,1,PT00M17.70S,00:17,Q1 00:17,27,28,1610612755.0,Muscala,Muscala 26' 3PT Jump Shot (3 PTS) (Butler 4 AST),turnover,2pt missed,1,Low
21800369,170,2pt,1,PT00M06.40S,00:06,Q1 00:06,27,28,1610612765.0,Griffin,MISS Griffin 5' Driving Layup,3pt made,block,1,Low
21800369,170,block,1,PT00M06.40S,00:06,Q1 00:06,27,28,1610612755.0,Chandler,Chandler BLOCK (1 BLK),2pt missed,rebound,1,Low
21800369,172,rebound,1,PT00M06.40S,00:06,Q1 00:06,27,28,1610612765.0,,TEAM offensive REBOUND,block,turnover,1,Low
21800369,174,turnover,1,PT00M02.20S,00:02,Q1 00:02,27,28,1610612765.0,Brown,Brown Bad Pass Turnover (P1.T6),rebound,steal,1,Low
21800369,174,steal,1,PT00M02.20S,00:02,Q1 00:02,27,28,1610612755.0,Chandler,Chandler STEAL (1 STL),turnover,period,1,Low
21800369,176,period,1,PT00M00.00S,00:00,Q1 00:00,27,28,1610612765.0,,End of 1st Period (7:43 PM EST),steal,period,1,Low
21800369,183,period,2,PT12M00.00S,12:00,Q2 12:00,27,28,1610612765.0,,Start of 2nd Period (7:47 PM EST),period,substitution,1,Low
21800369,184,2pt,2,PT11M38.00S,11:38,Q2 11:38,27,28,1610612765.0,Pachulia,MISS Pachulia 21' Jump Shot,substitution,rebound,1,Low
21800369,185,rebound,2,PT11M34.00S,11:34,Q2 11:34,27,28,1610612755.0,Chandler,Chandler REBOUND (Off:0 Def:1),2pt missed,2pt made,1,Low
21800369,186,2pt,2,PT11M25.00S,11:25,Q2 11:25,27,30,1610612755.0,McConnell,McConnell 3' Driving Layup (6 PTS),rebound,2pt made,3,Low
21800369,187,2pt,2,PT11M02.00S,11:02,Q2 11:02,29,30,1610612765.0,Pachulia,Pachulia 2' Driving Layup (2 PTS) (Brown 3 AST),2pt made,2pt made,1,Low
21800369,188,2pt,2,PT10M46.00S,10:46,Q2 10:46,29,32,1610612755.0,McConnell,McConnell 9' Floating Jump Shot (8 PTS),2pt made,foul,3,Low
21800369,189,foul,2,PT10M29.00S,10:29,Q2 10:29,29,32,1610612755.0,Johnson,Johnson P.FOUL (P1.T1) (K.Cutler),2pt made,2pt made,3,Low
21800369,191,2pt,2,PT10M23.00S,10:23,Q2 10:23,31,32,1610612765.0,Jackson,Jackson 4' Layup (4 PTS) (Pachulia 1 AST),foul,2pt made,1,Low
21800369,193,2pt,2,PT10M00.00S,10:00,Q2 10:00,31,34,1610612755.0,Redick,Redick 19' Pullup Jump Shot (4 PTS),2pt made,3pt made,3,Low
21800369,194,3pt,2,PT09M45.00S,09:45,Q2 09:45,34,34,1610612765.0,Jackson,Jackson 28' 3PT Jump Shot (7 PTS) (Pachulia 2 AST),2pt made,2pt missed,0,Low
21800369,196,2pt,2,PT09M35.00S,09:35,Q2 09:35,34,34,1610612755.0,Redick,MISS Redick 18' Jump Shot,3pt made,rebound,0,Low
21800369,197,rebound,2,PT09M30.00S,09:30,Q2 09:30,34,34,1610612765.0,Leuer,Leuer REBOUND (Off:0 Def:1),2pt missed,3pt made,0,Low
21800369,199,3pt,2,PT09M16.00S,09:16,Q2 09:16,37,34,1610612765.0,Brown,Brown 3PT Jump Shot (5 PTS) (Leuer 1 AST),rebound,2pt made,3,Low
21800369,201,2pt,2,PT08M57.00S,08:57,Q2 08:57,37,36,1610612755.0,Butler,Butler 2' Driving Layup (6 PTS) (Redick 2 AST),3pt made,foul,1,Low
21800369,203,foul,2,PT08M57.00S,08:57,Q2 08:57,37,36,1610612765.0,Pachulia,Pachulia S.FOUL (P2.T1) (D.Guthrie),2pt made,freethrow,1,Low
21800369,207,freethrow,2,PT08M57.00S,08:57,Q2 08:57,37,36,1610612755.0,Butler,MISS Butler Free Throw 1 of 1,foul,rebound,1,Low
21800369,208,rebound,2,PT08M57.00S,08:57,Q2 08:57,37,36,1610612765.0,Brown,Brown REBOUND (Off:1 Def:2),freethrow,substitution,1,Low
21800369,205,substitution,2,PT08M57.00S,08:57,Q2 08:57,37,36,1610612755.0,Redick,SUB out: J. Redick,rebound,substitution,1,Low
21800369,206,substitution,2,PT08M57.00S,08:57,Q2 08:57,37,36,1610612755.0,Shamet,SUB in: L. Shamet,substitution,turnover,1,Low
21800369,209,turnover,2,PT08M47.00S,08:47,Q2 08:47,37,36,1610612765.0,Jackson,Jackson Lost Ball Turnover (P3.T7),substitution,steal,1,Low
21800369,209,steal,2,PT08M47.00S,08:47,Q2 08:47,37,36,1610612755.0,Johnson,Johnson STEAL (3 STL),turnover,2pt made,1,Low
21800369,211,2pt,2,PT08M44.00S,08:44,Q2 08:44,37,38,1610612755.0,Shamet,Shamet 2' Running Layup (2 PTS) (McConnell 3 AST),steal,foul,1,Low
21800369,213,foul,2,PT08M44.00S,08:44,Q2 08:44,37,38,1610612765.0,Galloway,Galloway S.FOUL (P1.T2) (M.Boland),2pt made,freethrow,1,Low
21800369,215,freethrow,2,PT08M44.00S,08:44,Q2 08:44,37,39,1610612755.0,Shamet,Shamet Free Throw 1 of 1 (3 PTS),foul,2pt made,2,Low
21800369,216,2pt,2,PT08M29.00S,08:29,Q2 08:29,39,39,1610612765.0,Galloway,Galloway 4' Cutting Layup Shot (2 PTS) (Pachulia 3 AST),freethrow,3pt missed,0,Low
21800369,218,3pt,2,PT08M18.00S,08:18,Q2 08:18,39,39,1610612755.0,Butler,MISS Butler 24' 3PT Jump Shot,2pt made,rebound,0,Low
21800369,219,rebound,2,PT08M14.00S,08:14,Q2 08:14,39,39,1610612765.0,Leuer,Leuer REBOUND (Off:0 Def:2),3pt missed,2pt missed,0,Low
21800369,220,2pt,2,PT08M06.00S,08:06,Q2 08:06,39,39,1610612765.0,Galloway,MISS Galloway 17' Pullup Jump Shot,rebound,rebound,0,Low
21800369,221,rebound,2,PT08M03.00S,08:03,Q2 08:03,39,39,1610612755.0,Johnson,Johnson REBOUND (Off:1 Def:2),2pt missed,2pt made,0,Low
21800369,222,2pt,2,PT07M54.00S,07:54,Q2 07:54,39,41,1610612755.0,Chandler,Chandler 11' Driving Floating Jump Shot (7 PTS) (McConnell 4 AST),rebound,2pt made,2,Low
21800369,223,2pt,2,PT07M42.00S,07:42,Q2 07:42,41,41,1610612765.0,Galloway,Galloway 5' Layup (4 PTS) (Jackson 2 AST),2pt made,timeout,0,Low
21800369,225,timeout,2,PT07M37.00S,07:37,Q2 07:37,41,41,1610612755.0,,76ers Timeout: Regular (Reg.2 Short 0),2pt made,substitution,0,Low
21800369,228,substitution,2,PT07M37.00S,07:37,Q2 07:37,41,41,1610612765.0,Pachulia,SUB out: Z. Pachulia,timeout,substitution,0,Low
21800369,229,substitution,2,PT07M37.00S,07:37,Q2 07:37,41,41,1610612755.0,Johnson,SUB out: A. Johnson,substitution,substitution,0,Low
21800369,230,substitution,2,PT07M37.00S,07:37,Q2 07:37,41,41,1610612755.0,McConnell,SUB out: T. McConnell,substitution,substitution,0,Low
21800369,231,substitution,2,PT07M37.00S,07:37,Q2 07:37,41,41,1610612765.0,Drummond,SUB in: A. Drummond,substitution,substitution,0,Low
21800369,232,substitution,2,PT07M37.00S,07:37,Q2 07:37,41,41,1610612755.0,Muscala,SUB in: M. Muscala,substitution,substitution,0,Low
21800369,233,substitution,2,PT07M37.00S,07:37,Q2 07:37,41,41,1610612755.0,Simmons,SUB in: B. Simmons,substitution,2pt made,0,Low
21800369,234,2pt,2,PT07M26.00S,07:26,Q2 07:26,41,43,1610612755.0,Butler,Butler 2' Alley Oop Dunk (8 PTS) (Muscala 1 AST),substitution,foul,2,Low
21800369,236,foul,2,PT07M16.00S,07:16,Q2 07:16,41,43,1610612755.0,Shamet,Shamet P.FOUL (P2.T2) (D.Guthrie),2pt made,foul,2,Low
21800369,238,foul,2,PT07M11.00S,07:11,Q2 07:11,41,43,1610612755.0,Shamet,Shamet P.FOUL (P3.T3) (M.Boland),foul,foul,2,Low
21800369,240,foul,2,PT07M03.00S,07:03,Q2 07:03,41,43,1610612755.0,Muscala,Muscala S.FOUL (P2.T4) (D.Guthrie),foul,freethrow,2,Low
21800369,242,freethrow,2,PT07M03.00S,07:03,Q2 07:03,42,43,1610612765.0,Drummond,Drummond Free Throw 1 of 2 (8 PTS),foul,freethrow,1,Low
21800369,243,freethrow,2,PT07M03.00S,07:03,Q2 07:03,43,43,1610612765.0,Drummond,Drummond Free Throw 2 of 2 (9 PTS),freethrow,turnover,0,Low
21800369,244,turnover,2,PT06M50.00S,06:50,Q2 06:50,43,43,1610612755.0,Simmons,Simmons Out of Bounds - Bad Pass Turnover Turnover (P2.T4),freethrow,2pt missed,0,Low
21800369,245,2pt,2,PT06M41.00S,06:41,Q2 06:41,43,43,1610612765.0,Drummond,MISS Drummond 3' Layup,turnover,rebound,0,Low
21800369,246,rebound,2,PT06M37.00S,06:37,Q2 06:37,43,43,1610612755.0,Simmons,Simmons REBOUND (Off:1 Def:2),2pt missed,2pt missed,0,Low
21800369,247,2pt,2,PT06M36.00S,06:36,Q2 06:36,43,43,1610612755.0,Butler,MISS Butler 2' Alley Oop Layup,rebound,rebound,0,Low
21800369,248,rebound,2,PT06M33.00S,06:33,Q2 06:33,43,43,1610612765.0,Jackson,Jackson REBOUND (Off:0 Def:2),2pt missed,2pt made,0,Low
21800369,249,2pt,2,PT06M31.00S,06:31,Q2 06:31,45,43,1610612765.0,Drummond,Drummond 1' Running Layup (11 PTS) (Jackson 3 AST),rebound,3pt missed,2,Low
21800369,251,3pt,2,PT06M21.00S,06:21,Q2 06:21,45,43,1610612755.0,Muscala,MISS Muscala 28' 3PT Jump Shot,2pt made,rebound,2,Low
21800369,252,rebound,2,PT06M16.00S,06:16,Q2 06:16,45,43,1610612755.0,Butler,Butler REBOUND (Off:2 Def:0),3pt missed,3pt made,2,Low
21800369,253,3pt,2,PT06M15.00S,06:15,Q2 06:15,45,46,1610612755.0,Chandler,Chandler 28' 3PT Jump Shot (10 PTS) (Butler 5 AST),rebound,3pt missed,1,Low
21800369,255,3pt,2,PT05M57.00S,05:57,Q2 05:57,45,46,1610612765.0,Jackson,MISS Jackson 27' 3PT Jump Shot,3pt made,rebound,1,Low
21800369,256,rebound,2,PT05M54.00S,05:54,Q2 05:54,45,46,1610612755.0,Chandler,Chandler REBOUND (Off:0 Def:2),3pt missed,2pt missed,1,Low
21800369,257,2pt,2,PT05M46.00S,05:46,Q2 05:46,45,46,1610612755.0,Shamet,MISS Shamet 2' Driving Layup,rebound,rebound,1,Low
21800369,258,rebound,2,PT05M44.00S,05:44,Q2 05:44,45,46,1610612755.0,Butler,Butler REBOUND (Off:3 Def:0),2pt missed,2pt missed,1,Low
21800369,259,2pt,2,PT05M43.00S,05:43,Q2 05:43,45,46,1610612755.0,Butler,MISS Butler 2' Layup,rebound,block,1,Low
21800369,259,block,2,PT05M43.00S,05:43,Q2 05:43,45,46,1610612765.0,Drummond,Drummond BLOCK (1 BLK),2pt missed,rebound,1,Low
21800369,261,rebound,2,PT05M43.00S,05:43,Q2 05:43,45,46,1610612765.0,Galloway,Galloway REBOUND (Off:0 Def:1),block,2pt made,1,Low
21800369,262,2pt,2,PT05M26.00S,05:26,Q2 05:26,47,46,1610612765.0,Drummond,Drummond 2' Driving Layup (13 PTS),rebound,foul,1,Low
21800369,263,foul,2,PT05M03.00S,05:03,Q2 05:03,47,46,1610612765.0,Leuer,Leuer S.FOUL (P1.T3) (D.Guthrie),2pt made,freethrow,1,Low
21800369,265,freethrow,2,PT05M03.00S,05:03,Q2 05:03,47,47,1610612755.0,Butler,Butler Free Throw 1 of 2 (9 PTS),foul,freethrow,0,Low
21800369,272,freethrow,2,PT05M03.00S,05:03,Q2 05:03,47,48,1610612755.0,Butler,Butler Free Throw 2 of 2 (10 PTS),freethrow,substitution,1,Low
21800369,266,substitution,2,PT05M03.00S,05:03,Q2 05:03,47,47,1610612765.0,Brown,SUB out: B. Brown,freethrow,substitution,0,Low
21800369,267,substitution,2,PT05M03.00S,05:03,Q2 05:03,47,47,1610612765.0,Leuer,SUB out: J. Leuer,substitution,substitution,0,Low
21800369,268,substitution,2,PT05M03.00S,05:03,Q2 05:03,47,47,1610612755.0,Shamet,SUB out: L. Shamet,substitution,substitution,0,Low
21800369,269,substitution,2,PT05M03.00S,05:03,Q2 05:03,47,47,1610612765.0,Kennard,SUB in: L. Kennard,substitution,substitution,0,Low
21800369,270,substitution,2,PT05M03.00S,05:03,Q2 05:03,47,47,1610612765.0,Griffin,SUB in: B. Griffin,substitution,substitution,0,Low
21800369,271,substitution,2,PT05M03.00S,05:03,Q2 05:03,47,47,1610612755.0,McConnell,SUB in: T. McConnell,substitution,3pt made,0,Low
21800369,273,3pt,2,PT04M49.00S,04:49,Q2 04:49,50,48,1610612765.0,Galloway,Galloway 27' 3PT Jump Shot (7 PTS) (Griffin 4 AST),substitution,foul,2,Low
21800369,275,foul,2,PT04M34.00S,04:34,Q2 04:34,50,48,1610612765.0,Kennard,Kennard P.FOUL (P1.T4) (M.Boland),3pt made,2pt missed,2,Low
21800369,277,2pt,2,PT04M21.00S,04:21,Q2 04:21,50,48,1610612755.0,McConnell,MISS McConnell 13' Pullup Jump Shot,foul,rebound,2,Low
21800369,278,rebound,2,PT04M17.00S,04:17,Q2 04:17,50,48,1610612765.0,Drummond,Drummond REBOUND (Off:0 Def:3),2pt missed,2pt missed,2,Low
21800369,279,2pt,2,PT04M04.00S,04:04,Q2 04:04,50,48,1610612765.0,Drummond,MISS Drummond 4' Driving Reverse Layup,rebound,rebound,2,Low
21800369,280,rebound,2,PT04M01.00S,04:01,Q2 04:01,50,48,1610612765.0,Galloway,Galloway REBOUND (Off:1 Def:1),2pt missed,2pt made,2,Low
21800369,281,2pt,2,PT04M01.00S,04:01,Q2 04:01,52,48,1610612765.0,Galloway,Galloway 1' Tip Layup Shot (9 PTS),rebound,2pt made,4,Low
21800369,282,2pt,2,PT03M51.00S,03:51,Q2 03:51,52,50,1610612755.0,Butler,Butler 5' Driving Floating Jump Shot (12 PTS),2pt made,timeout,2,Low
21800369,283,timeout,2,PT03M45.00S,03:45,Q2 03:45,52,50,1610612765.0,,PISTONS Timeout: Regular (Full 2 Short 0),2pt made,substitution,2,Low
21800369,284,substitution,2,PT03M45.00S,03:45,Q2 03:45,52,50,1610612755.0,Chandler,SUB out: W. Chandler,timeout,substitution,2,Low
21800369,285,substitution,2,PT03M45.00S,03:45,Q2 03:45,52,50,1610612755.0,Redick,SUB in: J. Redick,substitution,2pt missed,2,Low
21800369,286,2pt,2,PT03M28.00S,03:28,Q2 03:28,52,50,1610612765.0,Griffin,MISS Griffin 5' Turnaround Hook Shot,substitution,rebound,2,Low
21800369,287,rebound,2,PT03M24.00S,03:24,Q2 03:24,52,50,1610612765.0,Drummond,Drummond REBOUND (Off:1 Def:3),2pt missed,2pt missed,2,Low
21800369,288,2pt,2,PT03M23.00S,03:23,Q2 03:23,52,50,1610612765.0,Drummond,MISS Drummond 2' Tip Layup Shot,rebound,rebound,2,Low
21800369,289,rebound,2,PT03M21.00S,03:21,Q2 03:21,52,50,1610612755.0,Simmons,Simmons REBOUND (Off:1 Def:3),2pt missed,foul,2,Low
21800369,290,foul,2,PT03M17.00S,03:17,Q2 03:17,52,50,1610612755.0,Muscala,Muscala Offensive Charge Foul (P3.PN) (D.Guthrie),rebound,turnover,2,Low
21800369,292,turnover,2,PT03M17.00S,03:17,Q2 03:17,52,50,1610612755.0,Muscala,Muscala Offensive Foul Turnover (P1.T5),foul,substitution,2,Low
21800369,293,substitution,2,PT03M17.00S,03:17,Q2 03:17,52,50,1610612755.0,Muscala,SUB out: M. Muscala,turnover,substitution,2,Low
21800369,294,substitution,2,PT03M17.00S,03:17,Q2 03:17,52,50,1610612755.0,Johnson,SUB in: A. Johnson,substitution,2pt made,2,Low
21800369,295,2pt,2,PT03M05.00S,03:05,Q2 03:05,54,50,1610612765.0,Griffin,Griffin 4' Driving Layup (13 PTS),substitution,2pt missed,4,Low
21800369,296,2pt,2,PT02M46.00S,02:46,Q2 02:46,54,50,1610612755.0,Butler,MISS Butler 7' Turnaround Jump Shot,2pt made,rebound,4,Low
21800369,297,rebound,2,PT02M41.00S,02:41,Q2 02:41,54,50,1610612765.0,Kennard,Kennard REBOUND (Off:0 Def:1),2pt missed,3pt made,4,Low
21800369,298,3pt,2,PT02M39.00S,02:39,Q2 02:39,57,50,1610612765.0,Kennard,Kennard 29' 3PT Jump Shot (3 PTS) (Jackson 4 AST),rebound,2pt made,7,Low
21800369,300,2pt,2,PT02M25.00S,02:25,Q2 02:25,57,52,1610612755.0,McConnell,McConnell 4' Driving Layup (10 PTS),3pt made,foul,5,Low
21800369,301,foul,2,PT02M16.00S,02:16,Q2 02:16,57,52,1610612755.0,Johnson,Johnson S.FOUL (P2.PN) (M.Boland),2pt made,freethrow,5,Low
21800369,303,freethrow,2,PT02M16.00S,02:16,Q2 02:16,58,52,1610612765.0,Griffin,Griffin Free Throw 1 of 2 (14 PTS),foul,freethrow,6,Low
21800369,306,freethrow,2,PT02M16.00S,02:16,Q2 02:16,59,52,1610612765.0,Griffin,Griffin Free Throw 2 of 2 (15 PTS),freethrow,substitution,7,Low
21800369,304,substitution,2,PT02M16.00S,02:16,Q2 02:16,58,52,1610612755.0,Butler,SUB out: J. Butler,freethrow,substitution,6,Low
21800369,305,substitution,2,PT02M16.00S,02:16,Q2 02:16,58,52,1610612755.0,Korkmaz,SUB in: F. Korkmaz,substitution,turnover,6,Low
21800369,307,turnover,2,PT02M05.00S,02:05,Q2 02:05,59,52,1610612755.0,Korkmaz,Korkmaz Bad Pass Turnover (P1.T6),substitution,steal,7,Low
21800369,307,steal,2,PT02M05.00S,02:05,Q2 02:05,59,52,1610612765.0,Galloway,Galloway STEAL (1 STL),turnover,2pt missed,7,Low
21800369,309,2pt,2,PT02M03.00S,02:03,Q2 02:03,59,52,1610612765.0,Galloway,MISS Galloway 5' Driving Layup,steal,block,7,Low
21800369,309,block,2,PT02M03.00S,02:03,Q2 02:03,59,52,1610612755.0,Korkmaz,Korkmaz BLOCK (1 BLK),2pt missed,rebound,7,Low
21800369,311,rebound,2,PT02M03.00S,02:03,Q2 02:03,59,52,1610612765.0,,TEAM offensive REBOUND,block,foul,7,Low
21800369,313,foul,2,PT01M58.00S,01:58,Q2 01:58,59,52,1610612755.0,Johnson,Johnson P.FOUL (P3.PN) (D.Guthrie),rebound,instant replay,7,Low
21800369,318,freethrow,2,PT01M58.00S,01:58,Q2 01:58,60,52,1610612765.0,Jackson,Jackson Free Throw 1 of 2 (8 PTS),instant replay,freethrow,8,Low
21800369,319,freethrow,2,PT01M58.00S,01:58,Q2 01:58,61,52,1610612765.0,Jackson,Jackson Free Throw 2 of 2 (9 PTS),freethrow,substitution,9,Low
21800369,316,substitution,2,PT01M58.00S,01:58,Q2 01:58,59,52,1610612755.0,Johnson,SUB out: A. Johnson,freethrow,substitution,7,Low
21800369,317,substitution,2,PT01M58.00S,01:58,Q2 01:58,59,52,1610612755.0,Bolden,SUB in: J. Bolden,substitution,turnover,7,Low
21800369,320,turnover,2,PT01M47.00S,01:47,Q2 01:47,61,52,1610612755.0,Bolden,Bolden Out of Bounds - Bad Pass Turnover Turnover (P1.T7),substitution,3pt missed,9,Low
21800369,321,3pt,2,PT01M32.00S,01:32,Q2 01:32,61,52,1610612765.0,Galloway,MISS Galloway 3PT Jump Shot,turnover,rebound,9,Low
21800369,322,rebound,2,PT01M31.00S,01:31,Q2 01:31,61,52,1610612755.0,,TEAM defensive REBOUND,3pt missed,foul,9,Low
21800369,323,foul,2,PT01M31.00S,01:31,Q2 01:31,61,52,1610612765.0,Griffin,Griffin P.FOUL (P1.PN) (K.Cutler),rebound,freethrow,9,Low
21800369,325,freethrow,2,PT01M31.00S,01:31,Q2 01:31,61,53,1610612755.0,Redick,Redick Free Throw 1 of 2 (5 PTS),foul,freethrow,8,Low
21800369,326,freethrow,2,PT01M31.00S,01:31,Q2 01:31,61,54,1610612755.0,Redick,Redick Free Throw 2 of 2 (6 PTS),freethrow,2pt made,7,Low
21800369,327,2pt,2,PT01M19.00S,01:19,Q2 01:19,63,54,1610612765.0,Griffin,Griffin 5' Driving Dunk (17 PTS),freethrow,3pt missed,9,Low
21800369,328,3pt,2,PT01M08.00S,01:08,Q2 01:08,63,54,1610612755.0,Korkmaz,MISS Korkmaz 3PT Step Back Jump Shot,2pt made,rebound,9,Low
21800369,329,rebound,2,PT01M04.00S,01:04,Q2 01:04,63,54,1610612765.0,Kennard,Kennard REBOUND (Off:0 Def:2),3pt missed,turnover,9,Low
21800369,330,turnover,2,PT00M59.50S,00:59,Q2 00:59,63,54,1610612765.0,Jackson,Jackson Bad Pass Turnover (P4.T8),rebound,steal,9,Low
21800369,330,steal,2,PT00M59.50S,00:59,Q2 00:59,63,54,1610612755.0,Korkmaz,Korkmaz STEAL (1 STL),turnover,3pt missed,9,Low
21800369,332,3pt,2,PT00M54.20S,00:54,Q2 00:54,63,54,1610612755.0,Redick,MISS Redick 28' 3PT Jump Shot,steal,rebound,9,Low
21800369,333,rebound,2,PT00M50.90S,00:50,Q2 00:50,63,54,1610612765.0,Griffin,Griffin REBOUND (Off:1 Def:4),3pt missed,3pt made,9,Low
21800369,334,3pt,2,PT00M44.60S,00:44,Q2 00:44,66,54,1610612765.0,Galloway,Galloway 24' 3PT Jump Shot (12 PTS) (Kennard 1 AST),rebound,2pt missed,12,Low
21800369,336,2pt,2,PT00M27.30S,00:27,Q2 00:27,66,54,1610612755.0,Redick,MISS Redick 22' Pullup Jump Shot,3pt made,rebound,12,Low
21800369,337,rebound,2,PT00M24.10S,00:24,Q2 00:24,66,54,1610612765.0,Drummond,Drummond REBOUND (Off:1 Def:4),2pt missed,foul,12,Low
21800369,338,foul,2,PT00M10.00S,00:10,Q2 00:10,66,54,1610612755.0,Bolden,Bolden P.FOUL (P1.PN) (D.Guthrie),rebound,freethrow,12,Low
21800369,340,freethrow,2,PT00M10.00S,00:10,Q2 00:10,67,54,1610612765.0,Griffin,Griffin Free Throw 1 of 2 (18 PTS),foul,freethrow,13,Low
21800369,343,freethrow,2,PT00M10.00S,00:10,Q2 00:10,68,54,1610612765.0,Griffin,Griffin Free Throw 2 of 2 (19 PTS),freethrow,substitution,14,Low
21800369,341,substitution,2,PT00M10.00S,00:10,Q2 00:10,67,54,1610612765.0,Jackson,SUB out: R. Jackson,freethrow,substitution,13,Low
21800369,342,substitution,2,PT00M10.00S,00:10,Q2 00:10,67,54,1610612765.0,Brown,SUB in: B. Brown,substitution,3pt missed,13,Low
21800369,344,3pt,2,PT00M03.40S,00:03,Q2 00:03,68,54,1610612755.0,Redick,MISS Redick 27' 3PT Jump Shot,substitution,block,14,Low
21800369,344,block,2,PT00M03.40S,00:03,Q2 00:03,68,54,1610612765.0,Drummond,Drummond BLOCK (2 BLK),3pt missed,rebound,14,Low
21800369,345,rebound,2,PT00M03.40S,00:03,Q2 00:03,68,54,1610612755.0,Korkmaz,Korkmaz REBOUND (Off:1 Def:2),block,2pt missed,14,Low
21800369,351,2pt,2,PT00M02.60S,00:02,Q2 00:02,68,54,1610612755.0,Korkmaz,MISS Korkmaz 5' Putback Layup,rebound,rebound,14,Low
21800369,352,rebound,2,PT00M02.60S,00:02,Q2 00:02,68,54,1610612755.0,Simmons,Simmons REBOUND (Off:2 Def:3),2pt missed,2pt made,14,Low
21800369,346,2pt,2,PT00M01.00S,00:01,Q2 00:01,68,56,1610612755.0,Simmons,Simmons 1' Tip Dunk Shot (10 PTS),rebound,3pt missed,12,Low
21800369,347,3pt,2,PT00M00.50S,00:00,Q2 00:00,68,56,1610612765.0,Galloway,MISS Galloway 34' 3PT Jump Shot,2pt made,rebound,12,Low
21800369,348,rebound,2,PT00M00.10S,00:00,Q2 00:00,68,56,1610612765.0,,TEAM offensive REBOUND,3pt missed,period,12,Low
21800369,349,period,2,PT00M00.00S,00:00,Q2 00:00,68,56,1610612765.0,,End of 2nd Period (8:17 PM EST),rebound,period,12,Low
21800369,363,period,3,PT12M00.00S,12:00,Q3 12:00,68,56,1610612765.0,,Start of 3rd Period (8:32 PM EST),period,substitution,12,Low
21800369,364,3pt,3,PT11M45.00S,11:45,Q3 11:45,71,56,1610612765.0,Robinson III,Robinson III 27' 3PT Jump Shot (5 PTS) (Griffin 5 AST),substitution,foul,15,Low
21800369,366,foul,3,PT11M24.00S,11:24,Q3 11:24,71,56,1610612765.0,Griffin,Griffin P.FOUL (P2.T1) (D.Guthrie),3pt made,turnover,15,Low
21800369,368,turnover,3,PT11M13.00S,11:13,Q3 11:13,71,56,1610612755.0,Redick,Redick Lost Ball Turnover (P2.T8),foul,steal,15,Low
21800369,368,steal,3,PT11M13.00S,11:13,Q3 11:13,71,56,1610612765.0,Drummond,Drummond STEAL (2 STL),turnover,2pt missed,15,Low
21800369,370,2pt,3,PT11M09.00S,11:09,Q3 11:09,71,56,1610612765.0,Jackson,MISS Jackson 5' Driving Layup,steal,block,15,Low
21800369,370,block,3,PT11M09.00S,11:09,Q3 11:09,71,56,1610612755.0,Simmons,Simmons BLOCK (1 BLK),2pt missed,rebound,15,Low
21800369,372,rebound,3,PT11M04.00S,11:04,Q3 11:04,71,56,1610612765.0,Brown,Brown REBOUND (Off:2 Def:2),block,turnover,15,Low
21800369,373,turnover,3,PT10M50.00S,10:50,Q3 10:50,71,56,1610612765.0,Drummond,Drummond Lost Ball Turnover (P1.T9),rebound,steal,15,Low
21800369,373,steal,3,PT10M50.00S,10:50,Q3 10:50,71,56,1610612755.0,Butler,Butler STEAL (2 STL),turnover,2pt made,15,Low
21800369,376,2pt,3,PT10M27.00S,10:27,Q3 10:27,71,58,1610612755.0,Butler,Butler 10' Pullup Jump Shot (14 PTS),steal,foul,13,Low
21800369,377,foul,3,PT10M14.00S,10:14,Q3 10:14,71,58,1610612755.0,Johnson,Johnson S.FOUL (P4.T1) (M.Boland),2pt made,freethrow,13,Low
21800369,379,freethrow,3,PT10M14.00S,10:14,Q3 10:14,72,58,1610612765.0,Drummond,Drummond Free Throw 1 of 2 (14 PTS),foul,freethrow,14,Low
21800369,380,freethrow,3,PT10M14.00S,10:14,Q3 10:14,73,58,1610612765.0,Drummond,Drummond Free Throw 2 of 2 (15 PTS),freethrow,turnover,15,Low
21800369,381,turnover,3,PT09M59.00S,09:59,Q3 09:59,73,58,1610612755.0,Johnson,Johnson Out of Bounds Lost Ball Turnover (P2.T9),freethrow,turnover,15,Low
21800369,382,turnover,3,PT09M58.00S,09:58,Q3 09:58,73,58,1610612765.0,Griffin,Griffin Bad Pass Turnover (P1.T10),turnover,steal,15,Low
21800369,382,steal,3,PT09M58.00S,09:58,Q3 09:58,73,58,1610612755.0,Chandler,Chandler STEAL (2 STL),turnover,3pt made,15,Low
21800369,384,3pt,3,PT09M51.00S,09:51,Q3 09:51,73,61,1610612755.0,Redick,Redick 29' 3PT Jump Shot (9 PTS) (Chandler 1 AST),steal,2pt missed,12,Low
21800369,386,2pt,3,PT09M35.00S,09:35,Q3 09:35,73,61,1610612765.0,Robinson III,MISS Robinson III 14' Jump Shot,3pt made,rebound,12,Low
21800369,387,rebound,3,PT09M30.00S,09:30,Q3 09:30,73,61,1610612755.0,Chandler,Chandler REBOUND (Off:0 Def:3),2pt missed,3pt made,12,Low
21800369,388,3pt,3,PT09M27.00S,09:27,Q3 09:27,73,64,1610612755.0,Butler,Butler 27' 3PT Jump Shot (17 PTS) (Simmons 2 AST),rebound,timeout,9,Low
21800369,390,timeout,3,PT09M21.00S,09:21,Q3 09:21,73,64,1610612765.0,,PISTONS Timeout: Regular (Full 3 Short 0),3pt made,turnover,9,Low
21800369,391,turnover,3,PT09M00.00S,09:00,Q3 09:00,73,64,0.0,,PISTONS Turnover: Shot Clock (T#11),timeout,2pt made,9,Low
21800369,392,2pt,3,PT08M38.00S,08:38,Q3 08:38,73,66,1610612755.0,Simmons,Simmons 4' Jump Bank Shot (12 PTS) (Chandler 2 AST),turnover,foul,7,Low
21800369,394,foul,3,PT08M16.00S,08:16,Q3 08:16,73,66,1610612755.0,Johnson,Johnson S.FOUL (P5.T2) (D.Guthrie),2pt made,freethrow,7,Low
21800369,396,freethrow,3,PT08M16.00S,08:16,Q3 08:16,73,66,1610612765.0,Griffin,MISS Griffin Free Throw 1 of 2,foul,rebound,7,Low
21800369,397,rebound,3,PT08M16.00S,08:16,Q3 08:16,73,66,1610612765.0,,TEAM offensive REBOUND,freethrow,freethrow,7,Low
21800369,400,freethrow,3,PT08M16.00S,08:16,Q3 08:16,74,66,1610612765.0,Griffin,Griffin Free Throw 2 of 2 (20 PTS),rebound,substitution,8,Low
21800369,398,substitution,3,PT08M16.00S,08:16,Q3 08:16,73,66,1610612755.0,Johnson,SUB out: A. Johnson,freethrow,substitution,7,Low
21800369,399,substitution,3,PT08M16.00S,08:16,Q3 08:16,73,66,1610612755.0,Muscala,SUB in: M. Muscala,substitution,2pt made,7,Low
21800369,401,2pt,3,PT08M06.00S,08:06,Q3 08:06,74,68,1610612755.0,Muscala,Muscala 5' Layup (5 PTS) (Simmons 3 AST),substitution,2pt made,6,Low
21800369,403,2pt,3,PT07M41.00S,07:41,Q3 07:41,76,68,1610612765.0,Drummond,Drummond 4' Turnaround Hook Shot (17 PTS),2pt made,foul,8,Low
21800369,404,foul,3,PT07M24.00S,07:24,Q3 07:24,76,68,1610612765.0,Brown,Brown S.FOUL (P1.T2) (D.Guthrie),2pt made,freethrow,8,Low
21800369,406,freethrow,3,PT07M24.00S,07:24,Q3 07:24,76,69,1610612755.0,Butler,Butler Free Throw 1 of 2 (18 PTS),foul,freethrow,7,Low
21800369,409,freethrow,3,PT07M24.00S,07:24,Q3 07:24,76,70,1610612755.0,Butler,Butler Free Throw 2 of 2 (19 PTS),freethrow,substitution,6,Low
21800369,407,substitution,3,PT07M24.00S,07:24,Q3 07:24,76,69,1610612755.0,Redick,SUB out: J. Redick,freethrow,substitution,7,Low
21800369,408,substitution,3,PT07M24.00S,07:24,Q3 07:24,76,69,1610612755.0,Shamet,SUB in: L. Shamet,substitution,2pt missed,7,Low
21800369,410,2pt,3,PT07M01.00S,07:01,Q3 07:01,76,70,1610612765.0,Griffin,MISS Griffin 5' Turnaround Jump Shot,substitution,block,6,Low
21800369,410,block,3,PT07M01.00S,07:01,Q3 07:01,76,70,1610612755.0,Butler,Butler BLOCK (1 BLK),2pt missed,rebound,6,Low
21800369,412,rebound,3,PT06M58.00S,06:58,Q3 06:58,76,70,1610612755.0,Chandler,Chandler REBOUND (Off:0 Def:4),block,turnover,6,Low
21800369,413,turnover,3,PT06M53.00S,06:53,Q3 06:53,76,70,1610612755.0,Simmons,Simmons Bad Pass Turnover (P3.T10),rebound,steal,6,Low
21800369,413,steal,3,PT06M53.00S,06:53,Q3 06:53,76,70,1610612765.0,Robinson III,Robinson III STEAL (1 STL),turnover,3pt missed,6,Low
21800369,415,3pt,3,PT06M48.00S,06:48,Q3 06:48,76,70,1610612765.0,Jackson,MISS Jackson 25' 3PT Jump Shot,steal,rebound,6,Low
21800369,416,rebound,3,PT06M44.00S,06:44,Q3 06:44,76,70,1610612755.0,Simmons,Simmons REBOUND (Off:2 Def:4),3pt missed,2pt made,6,Low
21800369,417,2pt,3,PT06M41.00S,06:41,Q3 06:41,76,72,1610612755.0,Butler,Butler 2' Running Layup (21 PTS) (Simmons 4 AST),rebound,3pt missed,4,Low
21800369,419,3pt,3,PT06M22.00S,06:22,Q3 06:22,76,72,1610612765.0,Robinson III,MISS Robinson III 3PT Jump Shot,2pt made,rebound,4,Low
21800369,420,rebound,3,PT06M18.00S,06:18,Q3 06:18,76,72,1610612755.0,Simmons,Simmons REBOUND (Off:2 Def:5),3pt missed,3pt missed,4,Low
21800369,421,3pt,3,PT06M15.00S,06:15,Q3 06:15,76,72,1610612755.0,Shamet,MISS Shamet 26' 3PT Jump Shot,rebound,rebound,4,Low
21800369,422,rebound,3,PT06M11.00S,06:11,Q3 06:11,76,72,1610612765.0,Brown,Brown REBOUND (Off:2 Def:3),3pt missed,2pt missed,4,Low
21800369,423,2pt,3,PT06M02.00S,06:02,Q3 06:02,76,72,1610612765.0,Griffin,MISS Griffin 6' Driving Layup,rebound,rebound,4,Low
21800369,424,rebound,3,PT05M59.00S,05:59,Q3 05:59,76,72,1610612765.0,Robinson III,Robinson III REBOUND (Off:2 Def:1),2pt missed,2pt missed,4,Low
21800369,425,2pt,3,PT05M58.00S,05:58,Q3 05:58,76,72,1610612765.0,Robinson III,MISS Robinson III 13' Jump Shot,rebound,rebound,4,Low
21800369,426,rebound,3,PT05M55.00S,05:55,Q3 05:55,76,72,1610612755.0,Shamet,Shamet REBOUND (Off:0 Def:1),2pt missed,3pt missed,4,Low
21800369,427,3pt,3,PT05M49.00S,05:49,Q3 05:49,76,72,1610612755.0,Chandler,MISS Chandler 29' 3PT Jump Shot,rebound,rebound,4,Low
21800369,428,rebound,3,PT05M46.00S,05:46,Q3 05:46,76,72,1610612765.0,Drummond,Drummond REBOUND (Off:1 Def:5),3pt missed,2pt missed,4,Low
21800369,429,2pt,3,PT05M29.00S,05:29,Q3 05:29,76,72,1610612765.0,Drummond,MISS Drummond 3' Layup,rebound,rebound,4,Low
21800369,431,rebound,3,PT05M26.00S,05:26,Q3 05:26,76,72,1610612755.0,Simmons,Simmons REBOUND (Off:2 Def:6),2pt missed,foul,4,Low
21800369,432,foul,3,PT05M18.00S,05:18,Q3 05:18,76,72,1610612765.0,Drummond,Drummond S.FOUL (P1.T3) (M.Boland),rebound,freethrow,4,Low
21800369,434,freethrow,3,PT05M18.00S,05:18,Q3 05:18,76,73,1610612755.0,Simmons,Simmons Free Throw 1 of 2 (13 PTS),foul,freethrow,3,Low
21800369,439,freethrow,3,PT05M18.00S,05:18,Q3 05:18,76,74,1610612755.0,Simmons,Simmons Free Throw 2 of 2 (14 PTS),freethrow,substitution,2,Low
21800369,435,substitution,3,PT05M18.00S,05:18,Q3 05:18,76,73,1610612765.0,Jackson,SUB out: R. Jackson,freethrow,substitution,3,Low
21800369,436,substitution,3,PT05M18.00S,05:18,Q3 05:18,76,73,1610612765.0,Robinson III,SUB out: G. Robinson III,substitution,substitution,3,Low
21800369,437,substitution,3,PT05M18.00S,05:18,Q3 05:18,76,73,1610612765.0,Calderon,SUB in: J. Calderon,substitution,substitution,3,Low
21800369,438,substitution,3,PT05M18.00S,05:18,Q3 05:18,76,73,1610612765.0,Galloway,SUB in: L. Galloway,substitution,foul,3,Low
21800369,440,foul,3,PT05M06.00S,05:06,Q3 05:06,76,74,1610612755.0,Chandler,Chandler P.FOUL (P2.T3) (K.Cutler),substitution,3pt missed,2,Low
21800369,442,3pt,3,PT04M58.00S,04:58,Q3 04:58,76,74,1610612765.0,Galloway,MISS Galloway 27' 3PT Jump Shot,foul,rebound,2,Low
21800369,443,rebound,3,PT04M58.00S,04:58,Q3 04:58,76,74,1610612755.0,,TEAM defensive REBOUND,3pt missed,foul,2,Low
21800369,444,foul,3,PT04M58.00S,04:58,Q3 04:58,76,74,1610612765.0,Drummond,Drummond L.B.FOUL (P2.T4) (M.Boland),rebound,3pt missed,2,Low
21800369,446,3pt,3,PT04M47.00S,04:47,Q3 04:47,76,74,1610612755.0,Muscala,MISS Muscala 28' 3PT Jump Shot,foul,rebound,2,Low
21800369,447,rebound,3,PT04M43.00S,04:43,Q3 04:43,76,74,1610612765.0,Griffin,Griffin REBOUND (Off:1 Def:5),3pt missed,turnover,2,Low
21800369,448,turnover,3,PT04M41.00S,04:41,Q3 04:41,76,74,1610612765.0,Griffin,Griffin Out of Bounds - Bad Pass Turnover Turnover (P2.T12),rebound,2pt made,2,Low
21800369,449,2pt,3,PT04M25.00S,04:25,Q3 04:25,76,76,1610612755.0,Butler,Butler 4' Driving Layup (23 PTS),turnover,3pt missed,0,Low
21800369,450,3pt,3,PT03M58.00S,03:58,Q3 03:58,76,76,1610612765.0,Griffin,MISS Griffin 27' 3PT Pullup Jump Shot,2pt made,rebound,0,Low
21800369,451,rebound,3,PT03M55.00S,03:55,Q3 03:55,76,76,1610612755.0,Butler,Butler REBOUND (Off:3 Def:1),3pt missed,2pt made,0,Low
21800369,452,2pt,3,PT03M49.00S,03:49,Q3 03:49,76,78,1610612755.0,Simmons,Simmons 5' Cutting Layup Shot (16 PTS) (Butler 6 AST),rebound,foul,2,Low
21800369,454,foul,3,PT03M32.00S,03:32,Q3 03:32,76,78,1610612755.0,Chandler,Chandler S.FOUL (P3.T4) (D.Guthrie),2pt made,freethrow,2,Low
21800369,456,freethrow,3,PT03M32.00S,03:32,Q3 03:32,77,78,1610612765.0,Griffin,Griffin Free Throw 1 of 2 (21 PTS),foul,freethrow,1,Low
21800369,459,freethrow,3,PT03M32.00S,03:32,Q3 03:32,78,78,1610612765.0,Griffin,Griffin Free Throw 2 of 2 (22 PTS),freethrow,substitution,0,Low
21800369,457,substitution,3,PT03M32.00S,03:32,Q3 03:32,77,78,1610612765.0,Drummond,SUB out: A. Drummond,freethrow,substitution,1,Low
21800369,458,substitution,3,PT03M32.00S,03:32,Q3 03:32,77,78,1610612765.0,Pachulia,SUB in: Z. Pachulia,substitution,foul,1,Low
21800369,460,foul,3,PT03M23.00S,03:23,Q3 03:23,78,78,1610612765.0,Brown,Brown P.FOUL (P2.PN) (M.Boland),substitution,freethrow,0,Low
21800369,462,freethrow,3,PT03M23.00S,03:23,Q3 03:23,78,79,1610612755.0,Butler,Butler Free Throw 1 of 2 (24 PTS),foul,freethrow,1,Low
21800369,463,freethrow,3,PT03M23.00S,03:23,Q3 03:23,78,80,1610612755.0,Butler,Butler Free Throw 2 of 2 (25 PTS),freethrow,2pt made,2,Low
21800369,464,2pt,3,PT03M06.00S,03:06,Q3 03:06,80,80,1610612765.0,Brown,Brown 4' Cutting Layup Shot (7 PTS) (Griffin 6 AST),freethrow,3pt missed,0,Low
21800369,466,3pt,3,PT02M49.00S,02:49,Q3 02:49,80,80,1610612755.0,Muscala,MISS Muscala 27' 3PT Jump Shot,2pt made,rebound,0,Low
21800369,467,rebound,3,PT02M47.00S,02:47,Q3 02:47,80,80,1610612765.0,Griffin,Griffin REBOUND (Off:1 Def:6),3pt missed,foul,0,Low
21800369,468,foul,3,PT02M47.00S,02:47,Q3 02:47,80,80,1610612755.0,Simmons,Simmons P.FOUL (P2.PN) (K.Cutler),rebound,timeout,0,Low
21800369,470,timeout,3,PT02M47.00S,02:47,Q3 02:47,80,80,1610612755.0,,76ers Timeout: Regular (Reg.3 Short 0),foul,freethrow,0,Low
21800369,475,freethrow,3,PT02M47.00S,02:47,Q3 02:47,81,80,1610612765.0,Griffin,Griffin Free Throw 1 of 2 (23 PTS),timeout,freethrow,1,Low
21800369,478,freethrow,3,PT02M47.00S,02:47,Q3 02:47,82,80,1610612765.0,Griffin,Griffin Free Throw 2 of 2 (24 PTS),freethrow,substitution,2,Low
21800369,471,substitution,3,PT02M47.00S,02:47,Q3 02:47,80,80,1610612755.0,Shamet,SUB out: L. Shamet,freethrow,substitution,0,Low
21800369,472,substitution,3,PT02M47.00S,02:47,Q3 02:47,80,80,1610612755.0,Butler,SUB out: J. Butler,substitution,substitution,0,Low
21800369,473,substitution,3,PT02M47.00S,02:47,Q3 02:47,81,80,1610612765.0,Brown,SUB out: B. Brown,substitution,substitution,1,Low
21800369,474,substitution,3,PT02M47.00S,02:47,Q3 02:47,80,80,1610612755.0,McConnell,SUB in: T. McConnell,substitution,substitution,0,Low
21800369,475,substitution,3,PT02M47.00S,02:47,Q3 02:47,80,80,1610612755.0,Redick,SUB in: J. Redick,substitution,substitution,0,Low
21800369,476,substitution,3,PT02M47.00S,02:47,Q3 02:47,81,80,1610612765.0,Kennard,SUB in: L. Kennard,substitution,foul,1,Low
21800369,479,foul,3,PT02M38.00S,02:38,Q3 02:38,82,80,1610612765.0,Kennard,Kennard P.FOUL (P2.PN) (M.Boland),substitution,freethrow,2,Low
21800369,481,freethrow,3,PT02M38.00S,02:38,Q3 02:38,82,81,1610612755.0,Redick,Redick Free Throw 1 of 2 (10 PTS),foul,freethrow,1,Low
21800369,482,freethrow,3,PT02M38.00S,02:38,Q3 02:38,82,82,1610612755.0,Redick,Redick Free Throw 2 of 2 (11 PTS),freethrow,foul,0,Low
21800369,483,foul,3,PT02M28.00S,02:28,Q3 02:28,82,82,1610612765.0,Galloway,Galloway OFF.Foul (P2) (D.Guthrie),freethrow,turnover,0,Low
21800369,485,turnover,3,PT02M28.00S,02:28,Q3 02:28,82,82,1610612765.0,Galloway,Galloway Offensive Foul Turnover (P1.T13),foul,2pt made,0,Low
21800369,486,2pt,3,PT02M13.00S,02:13,Q3 02:13,82,84,1610612755.0,Muscala,Muscala 17' Jump Shot (7 PTS) (McConnell 5 AST),turnover,foul,2,Low
21800369,488,foul,3,PT01M54.00S,01:54,Q3 01:54,82,84,1610612755.0,Redick,Redick P.FOUL (P1.PN) (M.Boland),2pt made,freethrow,2,Low
21800369,490,freethrow,3,PT01M54.00S,01:54,Q3 01:54,83,84,1610612765.0,Pachulia,Pachulia Free Throw 1 of 2 (3 PTS),foul,freethrow,1,Low
21800369,491,freethrow,3,PT01M54.00S,01:54,Q3 01:54,84,84,1610612765.0,Pachulia,Pachulia Free Throw 2 of 2 (4 PTS),freethrow,2pt missed,0,Low
21800369,492,2pt,3,PT01M37.00S,01:37,Q3 01:37,84,84,1610612755.0,Redick,MISS Redick 21' Pullup Jump Shot,freethrow,rebound,0,Low
21800369,493,rebound,3,PT01M34.00S,01:34,Q3 01:34,84,84,1610612765.0,Pachulia,Pachulia REBOUND (Off:1 Def:1),2pt missed,foul,0,Low
21800369,494,foul,3,PT01M30.00S,01:30,Q3 01:30,84,84,1610612755.0,Chandler,Chandler S.FOUL (P4.PN) (K.Cutler),rebound,freethrow,0,Low
21800369,496,freethrow,3,PT01M30.00S,01:30,Q3 01:30,85,84,1610612765.0,Griffin,Griffin Free Throw 1 of 2 (25 PTS),foul,freethrow,1,Low
21800369,499,freethrow,3,PT01M30.00S,01:30,Q3 01:30,85,84,1610612765.0,Griffin,MISS Griffin Free Throw 2 of 2,freethrow,substitution,1,Low
21800369,497,substitution,3,PT01M30.00S,01:30,Q3 01:30,85,84,1610612755.0,Chandler,SUB out: W. Chandler,freethrow,substitution,1,Low
21800369,498,substitution,3,PT01M30.00S,01:30,Q3 01:30,85,84,1610612755.0,Shamet,SUB in: L. Shamet,substitution,rebound,1,Low
21800369,500,rebound,3,PT01M27.00S,01:27,Q3 01:27,85,84,1610612755.0,McConnell,McConnell REBOUND (Off:0 Def:1),substitution,3pt missed,1,Low
21800369,501,3pt,3,PT01M17.00S,01:17,Q3 01:17,85,84,1610612755.0,Redick,MISS Redick 26' 3PT Jump Shot,rebound,rebound,1,Low
21800369,502,rebound,3,PT01M13.00S,01:13,Q3 01:13,85,84,1610612765.0,Griffin,Griffin REBOUND (Off:1 Def:7),3pt missed,foul,1,Low
21800369,503,foul,3,PT01M10.00S,01:10,Q3 01:10,85,84,1610612755.0,Redick,Redick S.FOUL (P2.PN) (M.Boland),rebound,instant replay,1,Low
21800369,506,freethrow,3,PT01M10.00S,01:10,Q3 01:10,85,84,1610612765.0,Griffin,MISS Griffin Free Throw 1 of 2,instant replay,rebound,1,Low
21800369,507,rebound,3,PT01M10.00S,01:10,Q3 01:10,85,84,1610612765.0,,TEAM offensive REBOUND,freethrow,freethrow,1,Low
21800369,508,freethrow,3,PT01M10.00S,01:10,Q3 01:10,86,84,1610612765.0,Griffin,Griffin Free Throw 2 of 2 (26 PTS),rebound,2pt made,2,Low
21800369,509,2pt,3,PT00M53.70S,00:53,Q3 00:53,86,86,1610612755.0,Muscala,Muscala 3' Driving Layup (9 PTS),freethrow,3pt missed,0,Low
21800369,510,3pt,3,PT00M40.60S,00:40,Q3 00:40,86,86,1610612765.0,Galloway,MISS Galloway 26' 3PT Jump Shot,2pt made,rebound,0,Low
21800369,511,rebound,3,PT00M37.40S,00:37,Q3 00:37,86,86,1610612765.0,Pachulia,Pachulia REBOUND (Off:2 Def:1),3pt missed,2pt missed,0,Low
21800369,513,2pt,3,PT00M36.20S,00:36,Q3 00:36,86,86,1610612765.0,Pachulia,MISS Pachulia 2' Putback Layup,rebound,rebound,0,Low
21800369,514,rebound,3,PT00M36.20S,00:36,Q3 00:36,86,86,1610612765.0,Pachulia,Pachulia REBOUND (Off:3 Def:1),2pt missed,foul,0,Low
21800369,515,foul,3,PT00M36.20S,00:36,Q3 00:36,86,86,1610612755.0,Muscala,Muscala P.FOUL (P4.PN) (K.Cutler),rebound,freethrow,0,Low
21800369,517,freethrow,3,PT00M36.20S,00:36,Q3 00:36,87,86,1610612765.0,Pachulia,Pachulia Free Throw 1 of 2 (5 PTS),foul,freethrow,1,Low
21800369,518,freethrow,3,PT00M36.20S,00:36,Q3 00:36,88,86,1610612765.0,Pachulia,Pachulia Free Throw 2 of 2 (6 PTS),freethrow,turnover,2,Low
21800369,519,turnover,3,PT00M28.40S,00:28,Q3 00:28,88,86,1610612755.0,McConnell,McConnell Lost Ball Turnover (P1.T11),freethrow,steal,2,Low
21800369,519,steal,3,PT00M28.40S,00:28,Q3 00:28,88,86,1610612765.0,Calderon,Calderon STEAL (1 STL),turnover,2pt made,2,Low
21800369,521,2pt,3,PT00M19.20S,00:19,Q3 00:19,90,86,1610612765.0,Calderon,Calderon 2' Driving Finger Roll Layup (5 PTS),steal,3pt made,4,Low
21800369,522,3pt,3,PT00M03.10S,00:03,Q3 00:03,90,89,1610612755.0,Muscala,Muscala 3PT Jump Shot (12 PTS) (Simmons 5 AST),2pt made,3pt missed,1,Low
21800369,524,3pt,3,PT00M01.40S,00:01,Q3 00:01,90,89,1610612765.0,Pachulia,MISS Pachulia 48' 3PT Jump Shot,3pt made,rebound,1,Low
21800369,525,rebound,3,PT00M00.10S,00:00,Q3 00:00,90,89,1610612765.0,,TEAM offensive REBOUND,3pt missed,period,1,Medium
21800369,526,period,3,PT00M00.00S,00:00,Q3 00:00,90,89,1610612765.0,,End of 3rd Period (9:04 PM EST),rebound,period,1,Medium
21800369,529,period,4,PT12M00.00S,12:00,Q4 12:00,90,89,1610612765.0,,Start of 4th Period (9:08 PM EST),period,substitution,1,Medium
21800369,530,turnover,4,PT11M52.00S,11:52,Q4 11:52,90,89,1610612755.0,Shamet,Shamet Bad Pass Turnover (P1.T12),substitution,steal,1,Medium
21800369,530,steal,4,PT11M52.00S,11:52,Q4 11:52,90,89,1610612765.0,Calderon,Calderon STEAL (2 STL),turnover,2pt made,1,Medium
21800369,532,2pt,4,PT11M43.00S,11:43,Q4 11:43,92,89,1610612765.0,Leuer,Leuer 4' Driving Layup (2 PTS) (Galloway 1 AST),steal,turnover,3,Medium
21800369,534,turnover,4,PT11M32.00S,11:32,Q4 11:32,92,89,1610612755.0,McConnell,McConnell Bad Pass Turnover (P2.T13),2pt made,steal,3,Medium
21800369,534,steal,4,PT11M32.00S,11:32,Q4 11:32,92,89,1610612765.0,Leuer,Leuer STEAL (1 STL),turnover,foul,3,Medium
21800369,536,foul,4,PT11M32.00S,11:32,Q4 11:32,92,89,1610612755.0,Simmons,Simmons P.FOUL (P3.T1) (K.Cutler),steal,2pt missed,3,Medium
21800369,538,2pt,4,PT11M20.00S,11:20,Q4 11:20,92,89,1610612765.0,Galloway,MISS Galloway 5' Driving Floating Jump Shot,foul,rebound,3,Medium
21800369,539,rebound,4,PT11M17.00S,11:17,Q4 11:17,92,89,1610612755.0,Simmons,Simmons REBOUND (Off:2 Def:7),2pt missed,foul,3,Medium
21800369,540,foul,4,PT11M15.00S,11:15,Q4 11:15,92,89,1610612765.0,Pachulia,Pachulia P.FOUL (P3.T1) (D.Guthrie),rebound,3pt made,3,Medium
21800369,542,3pt,4,PT11M02.00S,11:02,Q4 11:02,92,92,1610612755.0,Muscala,Muscala 28' 3PT Jump Shot (15 PTS) (Redick 3 AST),foul,2pt made,0,Medium
21800369,544,2pt,4,PT10M50.00S,10:50,Q4 10:50,94,92,1610612765.0,Calderon,Calderon 16' Pullup Jump Shot (7 PTS),3pt made,2pt missed,2,Medium
21800369,545,2pt,4,PT10M35.00S,10:35,Q4 10:35,94,92,1610612755.0,McConnell,MISS McConnell 10' Step Back Jump Shot,2pt made,rebound,2,Medium
21800369,546,rebound,4,PT10M32.00S,10:32,Q4 10:32,94,92,1610612765.0,Galloway,Galloway REBOUND (Off:1 Def:2),2pt missed,2pt made,2,Medium
21800369,547,2pt,4,PT10M23.00S,10:23,Q4 10:23,96,92,1610612765.0,Pachulia,Pachulia 4' Layup (8 PTS) (Leuer 2 AST),rebound,turnover,4,Medium
21800369,550,turnover,4,PT10M04.00S,10:04,Q4 10:04,96,92,1610612755.0,McConnell,McConnell Bad Pass Turnover (P3.T14),2pt made,steal,4,Medium
21800369,550,steal,4,PT10M04.00S,10:04,Q4 10:04,96,92,1610612765.0,Pachulia,Pachulia STEAL (1 STL),turnover,2pt made,4,Medium
21800369,552,2pt,4,PT10M00.00S,10:00,Q4 10:00,98,92,1610612765.0,Kennard,Kennard 3' Running Layup (5 PTS) (Calderon 1 AST),steal,timeout,6,Medium
21800369,554,timeout,4,PT10M00.00S,10:00,Q4 10:00,98,92,1610612755.0,,76ers Timeout: Regular (Reg.4 Short 0),2pt made,substitution,6,Medium
21800369,555,substitution,4,PT10M00.00S,10:00,Q4 10:00,98,92,1610612755.0,Shamet,SUB out: L. Shamet,timeout,substitution,6,Medium
21800369,556,substitution,4,PT10M00.00S,10:00,Q4 10:00,98,92,1610612755.0,McConnell,SUB out: T. McConnell,substitution,substitution,6,Medium
21800369,557,substitution,4,PT10M00.00S,10:00,Q4 10:00,98,92,1610612755.0,Chandler,SUB in: W. Chandler,substitution,substitution,6,Medium
21800369,558,substitution,4,PT10M00.00S,10:00,Q4 10:00,98,92,1610612755.0,Butler,SUB in: J. Butler,substitution,3pt missed,6,Medium
21800369,559,3pt,4,PT09M51.00S,09:51,Q4 09:51,98,92,1610612755.0,Redick,MISS Redick 26' 3PT Jump Shot,substitution,rebound,6,Medium
21800369,560,rebound,4,PT09M47.00S,09:47,Q4 09:47,98,92,1610612755.0,Butler,Butler REBOUND (Off:4 Def:1),3pt missed,2pt made,6,Medium
21800369,561,2pt,4,PT09M43.00S,09:43,Q4 09:43,98,94,1610612755.0,Butler,Butler 10' Turnaround Fadeaway Bank Jump Shot (27 PTS),rebound,foul,4,Medium
21800369,562,foul,4,PT09M43.00S,09:43,Q4 09:43,98,94,1610612765.0,Galloway,Galloway S.FOUL (P3.T2) (D.Guthrie),2pt made,freethrow,4,Medium
21800369,564,freethrow,4,PT09M43.00S,09:43,Q4 09:43,98,95,1610612755.0,Butler,Butler Free Throw 1 of 1 (28 PTS),foul,foul,3,Medium
21800369,565,foul,4,PT09M31.00S,09:31,Q4 09:31,98,95,1610612755.0,Muscala,Muscala P.FOUL (P5.T2) (K.Cutler),freethrow,substitution,3,Medium
21800369,567,substitution,4,PT09M31.00S,09:31,Q4 09:31,98,95,1610612755.0,Muscala,SUB out: M. Muscala,foul,substitution,3,Medium
21800369,568,substitution,4,PT09M31.00S,09:31,Q4 09:31,98,95,1610612755.0,Johnson,SUB in: A. Johnson,substitution,3pt missed,3,Medium
21800369,569,3pt,4,PT09M20.00S,09:20,Q4 09:20,98,95,1610612765.0,Calderon,MISS Calderon 27' 3PT Jump Shot,substitution,rebound,3,Medium
21800369,570,rebound,4,PT09M18.00S,09:18,Q4 09:18,98,95,1610612755.0,Chandler,Chandler REBOUND (Off:0 Def:5),3pt missed,2pt missed,3,Medium
21800369,571,2pt,4,PT09M07.00S,09:07,Q4 09:07,98,95,1610612755.0,Butler,MISS Butler 19' Step Back Jump Shot,rebound,rebound,3,Medium
21800369,572,rebound,4,PT09M04.00S,09:04,Q4 09:04,98,95,1610612765.0,Kennard,Kennard REBOUND (Off:0 Def:3),2pt missed,turnover,3,Medium
21800369,573,turnover,4,PT08M58.00S,08:58,Q4 08:58,98,95,1610612765.0,Calderon,Calderon Bad Pass Turnover (P1.T14),rebound,steal,3,Medium
21800369,573,steal,4,PT08M58.00S,08:58,Q4 08:58,98,95,1610612755.0,Simmons,Simmons STEAL (1 STL),turnover,3pt missed,3,Medium
21800369,575,3pt,4,PT08M52.00S,08:52,Q4 08:52,98,95,1610612755.0,Redick,MISS Redick 26' 3PT Jump Shot,steal,rebound,3,Medium
21800369,576,rebound,4,PT08M49.00S,08:49,Q4 08:49,98,95,1610612765.0,Pachulia,Pachulia REBOUND (Off:3 Def:2),3pt missed,timeout,3,Medium
21800369,577,timeout,4,PT08M46.00S,08:46,Q4 08:46,98,95,1610612765.0,,PISTONS Timeout: Regular (Full 4 Short 0),rebound,substitution,3,Medium
21800369,578,substitution,4,PT08M46.00S,08:46,Q4 08:46,98,95,1610612765.0,Pachulia,SUB out: Z. Pachulia,timeout,substitution,3,Medium
21800369,579,substitution,4,PT08M46.00S,08:46,Q4 08:46,98,95,1610612765.0,Leuer,SUB out: J. Leuer,substitution,substitution,3,Medium
21800369,580,substitution,4,PT08M46.00S,08:46,Q4 08:46,98,95,1610612765.0,Calderon,SUB out: J. Calderon,substitution,substitution,3,Medium
21800369,581,substitution,4,PT08M46.00S,08:46,Q4 08:46,98,95,1610612765.0,Drummond,SUB in: A. Drummond,substitution,substitution,3,Medium
21800369,582,substitution,4,PT08M46.00S,08:46,Q4 08:46,98,95,1610612765.0,Griffin,SUB in: B. Griffin,substitution,substitution,3,Medium
21800369,583,substitution,4,PT08M46.00S,08:46,Q4 08:46,98,95,1610612765.0,Jackson,SUB in: R. Jackson,substitution,2pt made,3,Medium
21800369,585,2pt,4,PT08M36.00S,08:36,Q4 08:36,100,95,1610612765.0,Griffin,Griffin 3' Driving Layup (28 PTS),substitution,foul,5,Medium
21800369,586,foul,4,PT08M20.00S,08:20,Q4 08:20,100,95,1610612765.0,Jackson,Jackson P.FOUL (P3.T3) (M.Boland),2pt made,substitution,5,Medium
21800369,588,substitution,4,PT08M20.00S,08:20,Q4 08:20,100,95,1610612765.0,Galloway,SUB out: L. Galloway,foul,substitution,5,Medium
21800369,589,substitution,4,PT08M20.00S,08:20,Q4 08:20,100,95,1610612765.0,Brown,SUB in: B. Brown,substitution,3pt missed,5,Medium
21800369,590,3pt,4,PT08M05.00S,08:05,Q4 08:05,100,95,1610612755.0,Butler,MISS Butler 3PT Jump Shot,substitution,rebound,5,Medium
21800369,591,rebound,4,PT08M03.00S,08:03,Q4 08:03,100,95,1610612755.0,Simmons,Simmons REBOUND (Off:3 Def:7),3pt missed,3pt missed,5,Medium
21800369,592,3pt,4,PT08M01.00S,08:01,Q4 08:01,100,95,1610612755.0,Butler,MISS Butler 26' 3PT Jump Shot,rebound,rebound,5,Medium
21800369,593,rebound,4,PT08M00.00S,08:00,Q4 08:00,100,95,1610612755.0,,TEAM offensive REBOUND,3pt missed,2pt missed,5,Medium
21800369,595,2pt,4,PT07M56.00S,07:56,Q4 07:56,100,95,1610612755.0,Johnson,MISS Johnson 10' Floating Jump Shot,rebound,rebound,5,Medium
21800369,596,rebound,4,PT07M52.00S,07:52,Q4 07:52,100,95,1610612765.0,Griffin,Griffin REBOUND (Off:1 Def:8),2pt missed,foul,5,Medium
21800369,597,foul,4,PT07M51.00S,07:51,Q4 07:51,100,95,1610612755.0,Johnson,Johnson P.FOUL (P6.T3) (M.Boland),rebound,substitution,5,Medium
21800369,599,substitution,4,PT07M51.00S,07:51,Q4 07:51,100,95,1610612755.0,Johnson,SUB out: A. Johnson,foul,substitution,5,Medium
21800369,600,substitution,4,PT07M51.00S,07:51,Q4 07:51,100,95,1610612755.0,Muscala,SUB in: M. Muscala,substitution,turnover,5,Medium
21800369,601,turnover,4,PT07M40.00S,07:40,Q4 07:40,100,95,1610612765.0,Brown,Brown Bad Pass Turnover (P2.T15),substitution,steal,5,Medium
21800369,601,steal,4,PT07M40.00S,07:40,Q4 07:40,100,95,1610612755.0,Muscala,Muscala STEAL (1 STL),turnover,foul,5,Medium
21800369,603,foul,4,PT07M34.00S,07:34,Q4 07:34,100,95,1610612765.0,Griffin,Griffin P.FOUL (P3.T4) (M.Boland),steal,2pt missed,5,Medium
21800369,605,2pt,4,PT07M17.00S,07:17,Q4 07:17,100,95,1610612755.0,Muscala,MISS Muscala 6' Driving Layup,foul,rebound,5,Medium
21800369,607,rebound,4,PT07M12.00S,07:12,Q4 07:12,100,95,1610612755.0,Butler,Butler REBOUND (Off:5 Def:1),2pt missed,2pt made,5,Medium
21800369,608,2pt,4,PT07M11.00S,07:11,Q4 07:11,100,97,1610612755.0,Butler,Butler 14' Pullup Jump Shot (30 PTS),rebound,3pt missed,3,Medium
21800369,610,3pt,4,PT06M52.00S,06:52,Q4 06:52,100,97,1610612765.0,Jackson,MISS Jackson 27' 3PT Jump Shot,2pt made,rebound,3,High
21800369,611,rebound,4,PT06M52.00S,06:52,Q4 06:52,100,97,1610612765.0,Drummond,Drummond REBOUND (Off:2 Def:5),3pt missed,3pt missed,3,High
21800369,612,3pt,4,PT06M49.00S,06:49,Q4 06:49,100,97,1610612765.0,Kennard,MISS Kennard 29' 3PT Jump Shot,rebound,rebound,3,High
21800369,613,rebound,4,PT06M42.00S,06:42,Q4 06:42,100,97,1610612765.0,Drummond,Drummond REBOUND (Off:3 Def:5),3pt missed,2pt missed,3,High
21800369,614,2pt,4,PT06M35.00S,06:35,Q4 06:35,100,97,1610612765.0,Drummond,MISS Drummond 2' Layup,rebound,block,3,High
21800369,614,block,4,PT06M35.00S,06:35,Q4 06:35,100,97,1610612755.0,Chandler,Chandler BLOCK (2 BLK),2pt missed,rebound,3,High
21800369,616,rebound,4,PT06M35.00S,06:35,Q4 06:35,100,97,1610612765.0,,TEAM offensive REBOUND,block,foul,3,High
21800369,617,foul,4,PT06M35.00S,06:35,Q4 06:35,100,97,1610612765.0,Kennard,Kennard OFF.Foul (P3) (D.Guthrie),rebound,turnover,3,High
21800369,619,turnover,4,PT06M35.00S,06:35,Q4 06:35,100,97,1610612765.0,Kennard,Kennard Offensive Foul Turnover (P1.T16),foul,foul,3,High
21800369,620,foul,4,PT06M35.00S,06:35,Q4 06:35,100,97,0.0,,Dwane Casey Foul:T.FOUL (D.Guthrie),turnover,freethrow,3,High
21800369,621,freethrow,4,PT06M35.00S,06:35,Q4 06:35,100,98,1610612755.0,Redick,Redick Free Throw Technical (12 PTS),foul,3pt made,2,High
21800369,622,3pt,4,PT06M22.00S,06:22,Q4 06:22,100,101,1610612755.0,Redick,Redick 3PT Jump Shot (15 PTS) (Muscala 2 AST),freethrow,2pt missed,1,High
21800369,624,2pt,4,PT06M11.00S,06:11,Q4 06:11,100,101,1610612765.0,Drummond,MISS Drummond 4' Hook Shot,3pt made,block,1,High
21800369,624,block,4,PT06M11.00S,06:11,Q4 06:11,100,101,1610612755.0,Simmons,Simmons BLOCK (2 BLK),2pt missed,rebound,1,High
21800369,626,rebound,4,PT06M11.00S,06:11,Q4 06:11,100,101,1610612765.0,,TEAM offensive REBOUND,block,3pt missed,1,High
21800369,628,3pt,4,PT06M00.00S,06:00,Q4 06:00,100,101,1610612765.0,Brown,MISS Brown 25' 3PT Jump Shot,rebound,rebound,1,High
21800369,629,rebound,4,PT05M59.00S,05:59,Q4 05:59,100,101,1610612755.0,,TEAM defensive REBOUND,3pt missed,2pt made,1,High
21800369,630,2pt,4,PT05M43.00S,05:43,Q4 05:43,100,103,1610612755.0,Butler,Butler 16' Step Back Jump Shot (32 PTS),rebound,2pt missed,3,High
21800369,631,2pt,4,PT05M23.00S,05:23,Q4 05:23,100,103,1610612765.0,Brown,MISS Brown 4' Dunk,2pt made,block,3,High
21800369,631,block,4,PT05M23.00S,05:23,Q4 05:23,100,103,1610612755.0,Muscala,Muscala BLOCK (1 BLK),2pt missed,rebound,3,High
21800369,633,rebound,4,PT05M19.00S,05:19,Q4 05:19,100,103,1610612755.0,Simmons,Simmons REBOUND (Off:3 Def:8),block,2pt made,3,High
21800369,634,2pt,4,PT05M15.00S,05:15,Q4 05:15,100,105,1610612755.0,Simmons,Simmons 6' Driving Dunk (18 PTS),rebound,timeout,5,High
21800369,635,timeout,4,PT05M07.00S,05:07,Q4 05:07,100,105,1610612765.0,,PISTONS Timeout: Regular (Full 5 Short 0),2pt made,substitution,5,High
21800369,636,substitution,4,PT05M07.00S,05:07,Q4 05:07,100,105,1610612765.0,Kennard,SUB out: L. Kennard,timeout,substitution,5,High
21800369,637,substitution,4,PT05M07.00S,05:07,Q4 05:07,100,105,1610612765.0,Galloway,SUB in: L. Galloway,substitution,2pt missed,5,High
21800369,638,2pt,4,PT05M00.00S,05:00,Q4 05:00,100,105,1610612765.0,Drummond,MISS Drummond 2' Dunk,substitution,block,5,High
21800369,638,block,4,PT05M00.00S,05:00,Q4 05:00,100,105,1610612755.0,Simmons,Simmons BLOCK (3 BLK),2pt missed,rebound,5,High
21800369,640,rebound,4,PT04M59.00S,04:59,Q4 04:59,100,105,1610612765.0,Drummond,Drummond REBOUND (Off:4 Def:5),block,2pt missed,5,High
21800369,723,2pt,4,PT04M57.00S,04:57,Q4 04:57,100,105,1610612765.0,Drummond,MISS Drummond 4' Layup,rebound,block,5,High
21800369,723,block,4,PT04M57.00S,04:57,Q4 04:57,100,105,1610612755.0,Chandler,Chandler BLOCK (3 BLK),2pt missed,rebound,5,High
21800369,725,rebound,4,PT04M56.00S,04:56,Q4 04:56,100,105,1610612755.0,Chandler,Chandler REBOUND (Off:0 Def:6),block,2pt missed,5,High
21800369,643,2pt,4,PT04M37.00S,04:37,Q4 04:37,100,105,1610612755.0,Butler,MISS Butler 7' Turnaround Jump Shot,rebound,rebound,5,High
21800369,644,rebound,4,PT04M33.00S,04:33,Q4 04:33,100,105,1610612765.0,Griffin,Griffin REBOUND (Off:1 Def:9),2pt missed,2pt missed,5,High
21800369,645,2pt,4,PT04M26.00S,04:26,Q4 04:26,100,105,1610612765.0,Jackson,MISS Jackson 3' Driving Layup,rebound,block,5,High
21800369,645,block,4,PT04M26.00S,04:26,Q4 04:26,100,105,1610612755.0,Muscala,Muscala BLOCK (2 BLK),2pt missed,rebound,5,High
21800369,647,rebound,4,PT04M23.00S,04:23,Q4 04:23,100,105,1610612755.0,Chandler,Chandler REBOUND (Off:0 Def:7),block,3pt made,5,High
21800369,648,3pt,4,PT04M07.00S,04:07,Q4 04:07,100,108,1610612755.0,Muscala,Muscala 28' 3PT Jump Shot (18 PTS) (Redick 4 AST),rebound,2pt missed,8,High
21800369,650,2pt,4,PT03M41.00S,03:41,Q4 03:41,100,108,1610612765.0,Jackson,MISS Jackson 5' Driving Layup,3pt made,block,8,High
21800369,650,block,4,PT03M41.00S,03:41,Q4 03:41,100,108,1610612755.0,Muscala,Muscala BLOCK (3 BLK),2pt missed,rebound,8,High
21800369,652,rebound,4,PT03M38.00S,03:38,Q4 03:38,100,108,1610612755.0,Simmons,Simmons REBOUND (Off:3 Def:9),block,2pt missed,8,High
21800369,653,2pt,4,PT03M36.00S,03:36,Q4 03:36,100,108,1610612755.0,Butler,MISS Butler 5' Driving Layup,rebound,rebound,8,High
21800369,654,rebound,4,PT03M32.00S,03:32,Q4 03:32,100,108,1610612765.0,Griffin,Griffin REBOUND (Off:1 Def:10),2pt missed,foul,8,High
21800369,655,foul,4,PT03M32.00S,03:32,Q4 03:32,100,108,1610612755.0,Chandler,Chandler S.FOUL (P5.T4) (K.Cutler),rebound,freethrow,8,High
21800369,657,freethrow,4,PT03M32.00S,03:32,Q4 03:32,101,108,1610612765.0,Drummond,Drummond Free Throw 1 of 2 (18 PTS),foul,timeout,7,High
21800369,660,timeout,4,PT03M32.00S,03:32,Q4 03:32,101,108,1610612755.0,,76ers Timeout: Regular (Reg.5 Short 0),freethrow,freethrow,7,High
21800369,661,freethrow,4,PT03M32.00S,03:32,Q4 03:32,102,108,1610612765.0,Drummond,Drummond Free Throw 2 of 2 (19 PTS),timeout,substitution,6,High
21800369,658,substitution,4,PT03M32.00S,03:32,Q4 03:32,101,108,1610612765.0,Brown,SUB out: B. Brown,freethrow,substitution,7,High
21800369,659,substitution,4,PT03M32.00S,03:32,Q4 03:32,101,108,1610612765.0,Kennard,SUB in: L. Kennard,substitution,2pt made,7,High
21800369,663,2pt,4,PT03M09.00S,03:09,Q4 03:09,102,110,1610612755.0,Redick,Redick 6' Layup (17 PTS) (Simmons 6 AST),substitution,turnover,8,High
21800369,666,turnover,4,PT02M50.00S,02:50,Q4 02:50,102,110,1610612765.0,Griffin,Griffin Lost Ball Turnover (P3.T17),2pt made,steal,8,High
21800369,666,steal,4,PT02M50.00S,02:50,Q4 02:50,102,110,1610612755.0,Butler,Butler STEAL (3 STL),turnover,turnover,8,High
21800369,668,turnover,4,PT02M46.00S,02:46,Q4 02:46,102,110,1610612755.0,Simmons,Simmons Bad Pass Turnover (P4.T15),steal,steal,8,High
21800369,668,steal,4,PT02M46.00S,02:46,Q4 02:46,102,110,1610612765.0,Jackson,Jackson STEAL (2 STL),turnover,2pt made,8,High
21800369,670,2pt,4,PT02M40.00S,02:40,Q4 02:40,104,110,1610612765.0,Jackson,Jackson 5' Floating Jump Shot (11 PTS),steal,3pt missed,6,High
21800369,671,3pt,4,PT02M11.00S,02:11,Q4 02:11,104,110,1610612755.0,Redick,MISS Redick 3PT Jump Shot,2pt made,rebound,6,High
21800369,672,rebound,4,PT02M10.00S,02:10,Q4 02:10,104,110,1610612755.0,Muscala,Muscala REBOUND (Off:1 Def:2),3pt missed,2pt missed,6,High
21800369,673,2pt,4,PT01M58.00S,01:58,Q4 01:58,104,110,1610612755.0,Simmons,MISS Simmons 15' Pullup Jump Shot,rebound,rebound,6,High
21800369,674,rebound,4,PT01M53.00S,01:53,Q4 01:53,104,110,1610612755.0,Chandler,Chandler REBOUND (Off:1 Def:7),2pt missed,turnover,6,High
21800369,675,turnover,4,PT01M53.00S,01:53,Q4 01:53,104,110,1610612755.0,Muscala,Muscala Step Out of Bounds Turnover (P2.T16),rebound,foul,6,High
21800369,676,foul,4,PT01M48.00S,01:48,Q4 01:48,104,110,1610612765.0,Griffin,Griffin Offensive Charge Foul (P4.PN) (M.Boland),turnover,turnover,6,High
21800369,678,turnover,4,PT01M48.00S,01:48,Q4 01:48,104,110,1610612765.0,Griffin,Griffin Offensive Foul Turnover (P4.T18),foul,foul,6,High
21800369,679,foul,4,PT01M36.00S,01:36,Q4 01:36,104,110,1610612765.0,Griffin,Griffin S.FOUL (P5.PN) (K.Cutler),turnover,instant replay,6,High
21800369,682,foul,4,PT01M36.00S,01:36,Q4 01:36,104,110,1610612765.0,Griffin,Griffin T.FOUL (P5.PN) (D.Guthrie),instant replay,freethrow,6,High
21800369,683,freethrow,4,PT01M36.00S,01:36,Q4 01:36,104,111,1610612755.0,Redick,Redick Free Throw Technical (18 PTS),foul,freethrow,7,High
21800369,684,freethrow,4,PT01M36.00S,01:36,Q4 01:36,104,112,1610612755.0,Butler,Butler Free Throw 1 of 2 (33 PTS),freethrow,freethrow,8,High
21800369,685,freethrow,4,PT01M36.00S,01:36,Q4 01:36,104,113,1610612755.0,Butler,Butler Free Throw 2 of 2 (34 PTS),freethrow,2pt missed,9,Medium
21800369,686,2pt,4,PT01M24.00S,01:24,Q4 01:24,104,113,1610612765.0,Griffin,MISS Griffin 4' Driving Layup,freethrow,rebound,9,Medium
21800369,687,rebound,4,PT01M23.00S,01:23,Q4 01:23,104,113,1610612765.0,Griffin,Griffin REBOUND (Off:2 Def:10),2pt missed,2pt made,9,Medium
21800369,688,2pt,4,PT01M23.00S,01:23,Q4 01:23,106,113,1610612765.0,Griffin,Griffin 1' Tip Layup Shot (30 PTS),rebound,3pt missed,7,High
21800369,689,3pt,4,PT01M06.00S,01:06,Q4 01:06,106,113,1610612755.0,Muscala,MISS Muscala 30' 3PT Jump Shot,2pt made,rebound,7,High
21800369,690,rebound,4,PT01M01.00S,01:01,Q4 01:01,106,113,1610612765.0,Jackson,Jackson REBOUND (Off:0 Def:3),3pt missed,2pt missed,7,High
21800369,691,2pt,4,PT00M51.40S,00:51,Q4 00:51,106,113,1610612765.0,Jackson,MISS Jackson 6' Driving Layup,rebound,rebound,7,High
21800369,692,rebound,4,PT00M47.90S,00:47,Q4 00:47,106,113,1610612765.0,Drummond,Drummond REBOUND (Off:5 Def:5),2pt missed,2pt missed,7,High
21800369,702,2pt,4,PT00M47.70S,00:47,Q4 00:47,106,113,1610612765.0,Drummond,MISS Drummond 1' Tip Layup Shot,rebound,rebound,7,High
21800369,703,rebound,4,PT00M47.70S,00:47,Q4 00:47,106,113,1610612755.0,Simmons,Simmons REBOUND (Off:3 Def:10),2pt missed,3pt missed,7,High
21800369,693,3pt,4,PT00M31.50S,00:31,Q4 00:31,106,113,1610612755.0,Redick,MISS Redick 29' 3PT Jump Shot,rebound,rebound,7,High
21800369,694,rebound,4,PT00M27.60S,00:27,Q4 00:27,106,113,1610612765.0,Galloway,Galloway REBOUND (Off:1 Def:3),3pt missed,foul,7,High
21800369,695,foul,4,PT00M24.10S,00:24,Q4 00:24,106,113,1610612755.0,Redick,Redick P.FOUL (P3.PN) (D.Guthrie),rebound,freethrow,7,High
21800369,697,freethrow,4,PT00M24.10S,00:24,Q4 00:24,107,113,1610612765.0,Griffin,Griffin Free Throw 1 of 2 (31 PTS),foul,freethrow,6,High
21800369,698,freethrow,4,PT00M24.10S,00:24,Q4 00:24,107,113,1610612765.0,Griffin,MISS Griffin Free Throw 2 of 2,freethrow,rebound,6,High
21800369,699,rebound,4,PT00M22.10S,00:22,Q4 00:22,107,113,1610612755.0,Redick,Redick REBOUND (Off:0 Def:2),freethrow,2pt made,6,High
21800369,700,2pt,4,PT00M19.50S,00:19,Q4 00:19,107,115,1610612755.0,Butler,Butler 3' Dunk (36 PTS) (Redick 5 AST),rebound,2pt made,8,High
21800369,704,2pt,4,PT00M13.90S,00:13,Q4 00:13,109,115,1610612765.0,Drummond,Drummond 2' Layup (21 PTS) (Jackson 5 AST),2pt made,timeout,6,High
21800369,706,timeout,4,PT00M13.90S,00:13,Q4 00:13,109,115,1610612755.0,,76ers Timeout: Regular (Reg.6 Short 0),2pt made,substitution,6,High
21800369,707,substitution,4,PT00M13.90S,00:13,Q4 00:13,109,115,1610612765.0,Griffin,SUB out: B. Griffin,timeout,substitution,6,High
21800369,708,substitution,4,PT00M13.90S,00:13,Q4 00:13,109,115,1610612765.0,Brown,SUB in: B. Brown,substitution,foul,6,High
21800369,709,foul,4,PT00M10.10S,00:10,Q4 00:10,109,115,1610612765.0,Galloway,Galloway P.FOUL (P4.PN) (M.Boland),substitution,freethrow,6,High
21800369,711,freethrow,4,PT00M10.10S,00:10,Q4 00:10,109,116,1610612755.0,Butler,Butler Free Throw 1 of 2 (37 PTS),foul,freethrow,7,High
21800369,714,freethrow,4,PT00M10.10S,00:10,Q4 00:10,109,117,1610612755.0,Butler,Butler Free Throw 2 of 2 (38 PTS),freethrow,timeout,8,High
21800369,715,timeout,4,PT00M10.10S,00:10,Q4 00:10,109,117,1610612765.0,,PISTONS Timeout: Regular (Full 6 Short 0),freethrow,substitution,8,High
21800369,712,substitution,4,PT00M10.10S,00:10,Q4 00:10,109,116,1610612765.0,Brown,SUB out: B. Brown,timeout,substitution,7,High
21800369,713,substitution,4,PT00M10.10S,00:10,Q4 00:10,109,116,1610612765.0,Griffin,SUB in: B. Griffin,substitution,3pt missed,7,High
21800369,716,3pt,4,PT00M08.40S,00:08,Q4 00:08,109,117,1610612765.0,Galloway,MISS Galloway 3PT Jump Shot,substitution,rebound,8,High
21800369,717,rebound,4,PT00M04.10S,00:04,Q4 00:04,109,117,1610612765.0,Galloway,Galloway REBOUND (Off:2 Def:3),3pt missed,3pt missed,8,High
21800369,718,3pt,4,PT00M01.90S,00:01,Q4 00:01,109,117,1610612765.0,Kennard,MISS Kennard 3PT Jump Shot,rebound,rebound,8,High
21800369,719,rebound,4,PT00M00.80S,00:00,Q4 00:00,109,117,1610612765.0,Jackson,Jackson REBOUND (Off:1 Def:3),3pt missed,2pt made,8,High
21800369,720,2pt,4,PT00M00.80S,00:00,Q4 00:00,111,117,1610612765.0,Jackson,Jackson 1' Tip Layup Shot (13 PTS),rebound,period,6,High
21800369,721,period,4,PT00M00.00S,00:00,Q4 00:00,111,117,1610612765.0,,End of 4th Period (9:47 PM EST),2pt made,,6,High
