game_id,actionNumber,actionType,period,clock,clock_display,game_clock,scoreHome,scoreAway,teamId,playerName,description,previous_action,next_action,score_margin,leverage_bucket
21800246,2,period,1,PT12M00.00S,12:00,Q1 12:00,0,0,1610612740.0,,Start of 1st Period (8:12 PM EST),,2pt missed,0,Low
21800246,7,2pt,1,PT11M44.00S,11:44,Q1 11:44,0,0,1610612740.0,Holiday,MISS Holiday 2' Driving Layup,period,rebound,0,Low
21800246,8,rebound,1,PT11M42.00S,11:42,Q1 11:42,0,0,1610612759.0,Aldridge,Aldridge REBOUND (Off:0 Def:1),2pt missed,foul,0,Low
21800246,9,foul,1,PT11M35.00S,11:35,Q1 11:35,0,0,1610612740.0,Johnson,W. Johnson P.FOUL (P1.T1) (M.Smith),rebound,2pt made,0,Low
21800246,11,2pt,1,PT11M28.00S,11:28,Q1 11:28,0,2,1610612759.0,Forbes,Forbes 2' Driving Floating Jump Shot (2 PTS),foul,foul,2,Low
21800246,12,foul,1,PT11M16.00S,11:16,Q1 11:16,0,2,1610612759.0,Aldridge,Aldridge S.FOUL (P1.T1) (M.Smith),2pt made,freethrow,2,Low
21800246,14,freethrow,1,PT11M16.00S,11:16,Q1 11:16,1,2,1610612740.0,Davis,Davis Free Throw 1 of 2 (1 PTS),foul,freethrow,1,Low
21800246,15,freethrow,1,PT11M16.00S,11:16,Q1 11:16,2,2,1610612740.0,Davis,Davis Free Throw 2 of 2 (2 PTS),freethrow,3pt missed,0,Low
21800246,16,3pt,1,PT10M53.00S,10:53,Q1 10:53,2,2,1610612759.0,Gay,MISS Gay 28' 3PT Jump Shot,freethrow,rebound,0,Low
21800246,17,rebound,1,PT10M50.00S,10:50,Q1 10:50,2,2,1610612759.0,Cunningham,Cunningham REBOUND (Off:1 Def:0),3pt missed,2pt missed,0,Low
21800246,19,2pt,1,PT10M45.00S,10:45,Q1 10:45,2,2,1610612759.0,DeRozan,MISS DeRozan 11' Turnaround Jump Shot,rebound,rebound,0,Low
21800246,20,rebound,1,PT10M42.00S,10:42,Q1 10:42,2,2,1610612740.0,Davis,Davis REBOUND (Off:0 Def:1),2pt missed,3pt made,0,Low
21800246,21,3pt,1,PT10M33.00S,10:33,Q1 10:33,5,2,1610612740.0,Mirotic,Mirotic 25' 3PT Jump Shot (3 PTS) (Holiday 1 AST),rebound,2pt made,3,Low
21800246,23,2pt,1,PT10M12.00S,10:12,Q1 10:12,5,4,1610612759.0,Gay,Gay 3' Driving Layup (2 PTS) (DeRozan 1 AST),3pt made,foul,1,Low
21800246,24,foul,1,PT10M12.00S,10:12,Q1 10:12,5,4,1610612740.0,Davis,Davis S.FOUL (P1.T2) (M.Smith),2pt made,freethrow,1,Low
21800246,26,freethrow,1,PT10M12.00S,10:12,Q1 10:12,5,5,1610612759.0,Gay,Gay Free Throw 1 of 1 (3 PTS),foul,2pt made,0,Low
21800246,28,2pt,1,PT09M58.00S,09:58,Q1 09:58,7,5,1610612740.0,Moore,Moore 1' Reverse Layup (2 PTS) (Holiday 2 AST),freethrow,2pt missed,2,Low
21800246,30,2pt,1,PT09M36.00S,09:36,Q1 09:36,7,5,1610612759.0,Aldridge,MISS Aldridge 5' Turnaround Fadeaway Shot,2pt made,rebound,2,Low
21800246,31,rebound,1,PT09M33.00S,09:33,Q1 09:33,7,5,1610612759.0,Cunningham,Cunningham REBOUND (Off:2 Def:0),2pt missed,2pt made,2,Low
21800246,32,2pt,1,PT09M32.00S,09:32,Q1 09:32,7,7,1610612759.0,Cunningham,Cunningham 3' Putback Layup (2 PTS),rebound,2pt missed,0,Low
21800246,33,2pt,1,PT09M28.00S,09:28,Q1 09:28,7,7,1610612740.0,Davis,MISS Davis 15' Pullup Jump Shot,2pt made,rebound,0,Low
21800246,34,rebound,1,PT09M25.00S,09:25,Q1 09:25,7,7,1610612759.0,Cunningham,Cunningham REBOUND (Off:2 Def:1),2pt missed,3pt made,0,Low
21800246,35,3pt,1,PT09M16.00S,09:16,Q1 09:16,7,10,1610612759.0,Cunningham,Cunningham 3PT Jump Shot (5 PTS) (Aldridge 1 AST),rebound,turnover,3,Low
21800246,37,turnover,1,PT09M04.00S,09:04,Q1 09:04,7,10,1610612740.0,Holiday,Holiday Bad Pass Turnover (P1.T1),3pt made,steal,3,Low
21800246,37,steal,1,PT09M04.00S,09:04,Q1 09:04,7,10,1610612759.0,DeRozan,DeRozan STEAL (1 STL),turnover,turnover,3,Low
21800246,39,turnover,1,PT08M59.00S,08:59,Q1 08:59,7,10,1610612759.0,DeRozan,DeRozan Bad Pass Turnover (P1.T1),steal,steal,3,Low
21800246,39,steal,1,PT08M59.00S,08:59,Q1 08:59,7,10,1610612740.0,Holiday,Holiday STEAL (1 STL),turnover,2pt missed,3,Low
21800246,41,2pt,1,PT08M48.00S,08:48,Q1 08:48,7,10,1610612740.0,Moore,MISS Moore 2' Driving Layup,steal,rebound,3,Low
21800246,42,rebound,1,PT08M42.00S,08:42,Q1 08:42,7,10,1610612740.0,Moore,Moore REBOUND (Off:1 Def:0),2pt missed,2pt made,3,Low
21800246,43,2pt,1,PT08M42.00S,08:42,Q1 08:42,9,10,1610612740.0,Moore,Moore 1' Tip Layup Shot (4 PTS),rebound,2pt missed,1,Low
21800246,44,2pt,1,PT08M30.00S,08:30,Q1 08:30,9,10,1610612759.0,DeRozan,MISS DeRozan 18' Pullup Jump Shot,2pt made,rebound,1,Low
21800246,45,rebound,1,PT08M26.00S,08:26,Q1 08:26,9,10,1610612740.0,Johnson,W. Johnson REBOUND (Off:0 Def:1),2pt missed,2pt missed,1,Low
21800246,46,2pt,1,PT08M18.00S,08:18,Q1 08:18,9,10,1610612740.0,Davis,MISS Davis 3' Alley Oop Dunk,rebound,rebound,1,Low
21800246,47,rebound,1,PT08M15.00S,08:15,Q1 08:15,9,10,1610612740.0,Davis,Davis REBOUND (Off:1 Def:1),2pt missed,2pt missed,1,Low
21800246,48,2pt,1,PT08M15.00S,08:15,Q1 08:15,9,10,1610612740.0,Davis,MISS Davis 2' Putback Layup,rebound,rebound,1,Low
21800246,49,rebound,1,PT08M15.00S,08:15,Q1 08:15,9,10,1610612740.0,,TEAM offensive REBOUND,2pt missed,2pt made,1,Low
21800246,51,2pt,1,PT08M12.00S,08:12,Q1 08:12,11,10,1610612740.0,Moore,Moore 11' Pullup Jump Shot (6 PTS) (Holiday 3 AST),rebound,2pt missed,1,Low
21800246,53,2pt,1,PT07M47.00S,07:47,Q1 07:47,11,10,1610612759.0,Gay,MISS Gay 21' Pullup Jump Shot,2pt made,rebound,1,Low
21800246,54,rebound,1,PT07M42.00S,07:42,Q1 07:42,11,10,1610612740.0,Mirotic,Mirotic REBOUND (Off:0 Def:1),2pt missed,2pt made,1,Low
21800246,55,2pt,1,PT07M28.00S,07:28,Q1 07:28,13,10,1610612740.0,Holiday,Holiday 2' Driving Finger Roll Layup (2 PTS),rebound,timeout,3,Low
21800246,56,timeout,1,PT07M28.00S,07:28,Q1 07:28,13,10,1610612759.0,,Spurs Timeout: Regular (Reg.1 Short 0),2pt made,2pt made,3,Low
21800246,58,2pt,1,PT07M13.00S,07:13,Q1 07:13,13,12,1610612759.0,Gay,Gay 16' Pullup Jump Shot (5 PTS),timeout,2pt made,1,Low
21800246,59,2pt,1,PT06M56.00S,06:56,Q1 06:56,15,12,1610612740.0,Davis,Davis 2' Alley Oop Layup (4 PTS) (Moore 1 AST),2pt made,3pt made,3,Low
21800246,61,3pt,1,PT06M40.00S,06:40,Q1 06:40,15,15,1610612759.0,Forbes,Forbes 26' 3PT Jump Shot (5 PTS) (DeRozan 2 AST),2pt made,2pt missed,0,Low
21800246,63,2pt,1,PT06M24.00S,06:24,Q1 06:24,15,15,1610612740.0,Moore,MISS Moore 3' Floating Jump Shot,3pt made,rebound,0,Low
21800246,64,rebound,1,PT06M22.00S,06:22,Q1 06:22,15,15,1610612759.0,Aldridge,Aldridge REBOUND (Off:0 Def:2),2pt missed,foul,0,Low
21800246,65,foul,1,PT06M22.00S,06:22,Q1 06:22,15,15,1610612740.0,Holiday,Holiday P.FOUL (P1.T3) (M.Kogut),rebound,substitution,0,Low
21800246,67,substitution,1,PT06M22.00S,06:22,Q1 06:22,15,15,1610612740.0,Mirotic,SUB out: N. Mirotic,foul,substitution,0,Low
21800246,68,substitution,1,PT06M22.00S,06:22,Q1 06:22,15,15,1610612740.0,Holiday,SUB out: J. Holiday,substitution,substitution,0,Low
21800246,69,substitution,1,PT06M22.00S,06:22,Q1 06:22,15,15,1610612740.0,Randle,SUB in: J. Randle,substitution,substitution,0,Low
21800246,70,substitution,1,PT06M22.00S,06:22,Q1 06:22,15,15,1610612740.0,Clark,SUB in: I. Clark,substitution,3pt made,0,Low
21800246,72,3pt,1,PT06M11.00S,06:11,Q1 06:11,15,18,1610612759.0,Cunningham,Cunningham 26' 3PT Jump Shot (8 PTS) (DeRozan 3 AST),substitution,2pt made,3,Low
21800246,74,2pt,1,PT05M57.00S,05:57,Q1 05:57,17,18,1610612740.0,Johnson,W. Johnson 17' Step Back Jump Shot (2 PTS),3pt made,3pt missed,1,Low
21800246,75,3pt,1,PT05M47.00S,05:47,Q1 05:47,17,18,1610612759.0,Gay,MISS Gay 25' 3PT Jump Shot,2pt made,rebound,1,Low
21800246,76,rebound,1,PT05M44.00S,05:44,Q1 05:44,17,18,1610612740.0,Randle,Randle REBOUND (Off:0 Def:1),3pt missed,2pt made,1,Low
21800246,77,2pt,1,PT05M34.00S,05:34,Q1 05:34,19,18,1610612740.0,Randle,Randle 1' Cutting Layup Shot (2 PTS) (Moore 2 AST),rebound,2pt missed,1,Low
21800246,79,2pt,1,PT05M17.00S,05:17,Q1 05:17,19,18,1610612759.0,Aldridge,MISS Aldridge 11' Turnaround Jump Shot,2pt made,rebound,1,Low
21800246,80,rebound,1,PT05M13.00S,05:13,Q1 05:13,19,18,1610612740.0,Randle,Randle REBOUND (Off:0 Def:2),2pt missed,2pt missed,1,Low
21800246,81,2pt,1,PT05M03.00S,05:03,Q1 05:03,19,18,1610612740.0,Davis,MISS Davis 9' Floating Jump Shot,rebound,rebound,1,Low
21800246,82,rebound,1,PT05M01.00S,05:01,Q1 05:01,19,18,1610612759.0,Gay,Gay REBOUND (Off:0 Def:1),2pt missed,3pt made,1,Low
21800246,83,3pt,1,PT04M58.00S,04:58,Q1 04:58,19,21,1610612759.0,Forbes,Forbes 26' 3PT Jump Shot (8 PTS),rebound,3pt missed,2,Low
21800246,84,3pt,1,PT04M45.00S,04:45,Q1 04:45,19,21,1610612740.0,Johnson,MISS W. Johnson 24' 3PT Jump Shot,3pt made,rebound,2,Low
21800246,85,rebound,1,PT04M42.00S,04:42,Q1 04:42,19,21,1610612759.0,DeRozan,DeRozan REBOUND (Off:0 Def:1),3pt missed,2pt missed,2,Low
21800246,86,2pt,1,PT04M32.00S,04:32,Q1 04:32,19,21,1610612759.0,Aldridge,MISS Aldridge 14' Jump Shot,rebound,rebound,2,Low
21800246,87,rebound,1,PT04M28.00S,04:28,Q1 04:28,19,21,1610612740.0,Randle,Randle REBOUND (Off:0 Def:3),2pt missed,2pt missed,2,Low
21800246,88,2pt,1,PT04M19.00S,04:19,Q1 04:19,19,21,1610612740.0,Randle,MISS Randle 6' Floating Jump Shot,rebound,rebound,2,Low
21800246,89,rebound,1,PT04M16.00S,04:16,Q1 04:16,19,21,1610612759.0,Cunningham,Cunningham REBOUND (Off:2 Def:2),2pt missed,3pt made,2,Low
21800246,90,3pt,1,PT04M09.00S,04:09,Q1 04:09,19,24,1610612759.0,Forbes,Forbes 27' 3PT Jump Shot (11 PTS) (Cunningham 1 AST),rebound,timeout,5,Low
21800246,92,timeout,1,PT04M07.00S,04:07,Q1 04:07,19,24,1610612740.0,,PELICANS Timeout: Regular (Full 1 Short 0),3pt made,substitution,5,Low
21800246,93,substitution,1,PT04M07.00S,04:07,Q1 04:07,19,24,1610612759.0,Forbes,SUB out: B. Forbes,timeout,substitution,5,Low
21800246,94,substitution,1,PT04M07.00S,04:07,Q1 04:07,19,24,1610612759.0,Gay,SUB out: R. Gay,substitution,substitution,5,Low
21800246,95,substitution,1,PT04M07.00S,04:07,Q1 04:07,19,24,1610612759.0,Mills,SUB in: P. Mills,substitution,substitution,5,Low
21800246,96,substitution,1,PT04M07.00S,04:07,Q1 04:07,19,24,1610612759.0,Belinelli,SUB in: M. Belinelli,substitution,2pt missed,5,Low
21800246,97,2pt,1,PT03M49.00S,03:49,Q1 03:49,19,24,1610612740.0,Davis,MISS Davis 10' Hook Shot,substitution,rebound,5,Low
21800246,98,rebound,1,PT03M46.00S,03:46,Q1 03:46,19,24,1610612759.0,Aldridge,Aldridge REBOUND (Off:0 Def:3),2pt missed,2pt made,5,Low
21800246,99,2pt,1,PT03M30.00S,03:30,Q1 03:30,19,26,1610612759.0,Aldridge,Aldridge 1' Driving Layup (2 PTS),rebound,2pt made,7,Low
21800246,100,2pt,1,PT03M09.00S,03:09,Q1 03:09,21,26,1610612740.0,Randle,Randle 1' Driving Layup (4 PTS),2pt made,foul,5,Low
21800246,101,foul,1,PT02M58.00S,02:58,Q1 02:58,21,26,1610612740.0,Moore,Moore P.FOUL (P1.T4) (M.Smith),2pt made,substitution,5,Low
21800246,103,substitution,1,PT02M58.00S,02:58,Q1 02:58,21,26,1610612740.0,Davis,SUB out: A. Davis,foul,substitution,5,Low
21800246,104,substitution,1,PT02M58.00S,02:58,Q1 02:58,21,26,1610612740.0,Johnson,SUB out: W. Johnson,substitution,substitution,5,Low
21800246,105,substitution,1,PT02M58.00S,02:58,Q1 02:58,21,26,1610612740.0,Moore,SUB out: E. Moore,substitution,substitution,5,Low
21800246,106,substitution,1,PT02M58.00S,02:58,Q1 02:58,21,26,1610612759.0,DeRozan,SUB out: D. DeRozan,substitution,substitution,5,Low
21800246,107,substitution,1,PT02M58.00S,02:58,Q1 02:58,21,26,1610612759.0,Cunningham,SUB out: D. Cunningham,substitution,substitution,5,Low
21800246,108,substitution,1,PT02M58.00S,02:58,Q1 02:58,21,26,1610612740.0,Holiday,SUB in: J. Holiday,substitution,substitution,5,Low
21800246,109,substitution,1,PT02M58.00S,02:58,Q1 02:58,21,26,1610612740.0,Mirotic,SUB in: N. Mirotic,substitution,substitution,5,Low
21800246,110,substitution,1,PT02M58.00S,02:58,Q1 02:58,21,26,1610612740.0,Miller,SUB in: D. Miller,substitution,substitution,5,Low
21800246,111,substitution,1,PT02M58.00S,02:58,Q1 02:58,21,26,1610612759.0,Poeltl,SUB in: J. Poeltl,substitution,substitution,5,Low
21800246,112,substitution,1,PT02M58.00S,02:58,Q1 02:58,21,26,1610612759.0,White,SUB in: D. White,substitution,foul,5,Low
21800246,113,foul,1,PT02M52.00S,02:52,Q1 02:52,21,26,1610612740.0,Randle,Randle P.FOUL (P1.PN) (M.Smith),substitution,freethrow,5,Low
21800246,115,freethrow,1,PT02M52.00S,02:52,Q1 02:52,21,27,1610612759.0,Aldridge,Aldridge Free Throw 1 of 2 (3 PTS),foul,freethrow,6,Low
21800246,116,freethrow,1,PT02M52.00S,02:52,Q1 02:52,21,28,1610612759.0,Aldridge,Aldridge Free Throw 2 of 2 (4 PTS),freethrow,2pt missed,7,Low
21800246,117,2pt,1,PT02M39.00S,02:39,Q1 02:39,21,28,1610612740.0,Miller,MISS Miller 3' Floating Jump Shot,freethrow,rebound,7,Low
21800246,118,rebound,1,PT02M36.00S,02:36,Q1 02:36,21,28,1610612740.0,Randle,Randle REBOUND (Off:1 Def:3),2pt missed,foul,7,Low
21800246,119,foul,1,PT02M36.00S,02:36,Q1 02:36,21,28,1610612759.0,Poeltl,Poeltl S.FOUL (P1.T2) (M.Smith),rebound,freethrow,7,Low
21800246,121,freethrow,1,PT02M36.00S,02:36,Q1 02:36,22,28,1610612740.0,Randle,Randle Free Throw 1 of 2 (5 PTS),foul,freethrow,6,Low
21800246,124,freethrow,1,PT02M36.00S,02:36,Q1 02:36,23,28,1610612740.0,Randle,Randle Free Throw 2 of 2 (6 PTS),freethrow,substitution,5,Low
21800246,122,substitution,1,PT02M36.00S,02:36,Q1 02:36,22,28,1610612759.0,Aldridge,SUB out: L. Aldridge,freethrow,substitution,6,Low
21800246,123,substitution,1,PT02M36.00S,02:36,Q1 02:36,22,28,1610612759.0,Gay,SUB in: R. Gay,substitution,foul,6,Low
21800246,125,foul,1,PT02M26.00S,02:26,Q1 02:26,23,28,1610612740.0,Mirotic,Mirotic S.FOUL (P1.PN) (M.Smith),substitution,freethrow,5,Low
21800246,127,freethrow,1,PT02M26.00S,02:26,Q1 02:26,23,29,1610612759.0,Gay,Gay Free Throw 1 of 2 (6 PTS),foul,freethrow,6,Low
21800246,128,freethrow,1,PT02M26.00S,02:26,Q1 02:26,23,30,1610612759.0,Gay,Gay Free Throw 2 of 2 (7 PTS),freethrow,foul,7,Low
21800246,129,foul,1,PT02M22.00S,02:22,Q1 02:22,23,30,1610612759.0,Mills,Mills P.FOUL (P1.T3) (M.Kogut),freethrow,3pt made,7,Low
21800246,131,3pt,1,PT02M14.00S,02:14,Q1 02:14,26,30,1610612740.0,Holiday,Holiday 25' 3PT Step Back Jump Shot (5 PTS) (Randle 1 AST),foul,2pt made,4,Low
21800246,133,2pt,1,PT02M00.00S,02:00,Q1 02:00,26,32,1610612759.0,Poeltl,Poeltl 1' Reverse Layup (2 PTS) (Gay 1 AST),3pt made,2pt missed,6,Low
21800246,135,2pt,1,PT01M48.00S,01:48,Q1 01:48,26,32,1610612740.0,Randle,MISS Randle 1' Driving Layup,2pt made,rebound,6,Low
21800246,136,rebound,1,PT01M46.00S,01:46,Q1 01:46,26,32,1610612759.0,White,White REBOUND (Off:0 Def:1),2pt missed,2pt missed,6,Low
21800246,137,2pt,1,PT01M41.00S,01:41,Q1 01:41,26,32,1610612759.0,Poeltl,MISS Poeltl 4' Layup,rebound,rebound,6,Low
21800246,138,rebound,1,PT01M37.00S,01:37,Q1 01:37,26,32,1610612759.0,Gay,Gay REBOUND (Off:1 Def:1),2pt missed,2pt made,6,Low
21800246,139,2pt,1,PT01M37.00S,01:37,Q1 01:37,26,34,1610612759.0,Gay,Gay 1' Tip Layup Shot (9 PTS),rebound,turnover,8,Low
21800246,140,turnover,1,PT01M23.00S,01:23,Q1 01:23,26,34,1610612740.0,Holiday,Holiday Out of Bounds - Bad Pass Turnover Turnover (P2.T2),2pt made,2pt missed,8,Low
21800246,166,2pt,1,PT01M09.00S,01:09,Q1 01:09,26,34,1610612759.0,Gay,MISS Gay 4' Layup,turnover,block,8,Low
21800246,166,block,1,PT01M09.00S,01:09,Q1 01:09,26,34,1610612740.0,Holiday,Holiday BLOCK (1 BLK),2pt missed,rebound,8,Low
21800246,168,rebound,1,PT01M07.00S,01:07,Q1 01:07,26,34,1610612759.0,Gay,Gay REBOUND (Off:2 Def:1),block,2pt missed,8,Low
21800246,141,2pt,1,PT01M05.00S,01:05,Q1 01:05,26,34,1610612759.0,Gay,MISS Gay 2' Layup,rebound,rebound,8,Low
21800246,142,rebound,1,PT01M05.00S,01:05,Q1 01:05,26,34,1610612759.0,Gay,Gay REBOUND (Off:3 Def:1),2pt missed,foul,8,Low
21800246,143,foul,1,PT01M05.00S,01:05,Q1 01:05,26,34,1610612740.0,Clark,Clark S.FOUL (P1.PN) (S.Wright),rebound,freethrow,8,Low
21800246,145,freethrow,1,PT01M05.00S,01:05,Q1 01:05,26,35,1610612759.0,Gay,Gay Free Throw 1 of 2 (10 PTS),foul,freethrow,9,Low
21800246,146,freethrow,1,PT01M05.00S,01:05,Q1 01:05,26,36,1610612759.0,Gay,Gay Free Throw 2 of 2 (11 PTS),freethrow,2pt made,10,Low
21800246,147,2pt,1,PT00M57.00S,00:57,Q1 00:57,28,36,1610612740.0,Clark,Clark 13' Pullup Jump Shot (2 PTS) (Holiday 4 AST),freethrow,2pt made,8,Low
21800246,149,2pt,1,PT00M43.00S,00:43,Q1 00:43,28,38,1610612759.0,White,White 2' Driving Layup (2 PTS),2pt made,2pt made,10,Low
21800246,150,2pt,1,PT00M31.50S,00:31,Q1 00:31,30,38,1610612740.0,Randle,Randle 4' Cutting Layup Shot (8 PTS) (Miller 1 AST),2pt made,2pt missed,8,Low
21800246,152,2pt,1,PT00M12.20S,00:12,Q1 00:12,30,38,1610612759.0,White,MISS White 14' Jump Shot,2pt made,rebound,8,Low
21800246,153,rebound,1,PT00M11.00S,00:11,Q1 00:11,30,38,1610612759.0,,TEAM offensive REBOUND,2pt missed,foul,8,Low
21800246,154,foul,1,PT00M11.00S,00:11,Q1 00:11,30,38,1610612740.0,Mirotic,Mirotic L.B.FOUL (P2.PN) (M.Smith),rebound,freethrow,8,Low
21800246,156,freethrow,1,PT00M11.00S,00:11,Q1 00:11,30,38,1610612759.0,Poeltl,MISS Poeltl Free Throw 1 of 2,foul,rebound,8,Low
21800246,157,rebound,1,PT00M11.00S,00:11,Q1 00:11,30,38,1610612759.0,,TEAM offensive REBOUND,freethrow,freethrow,8,Low
21800246,160,freethrow,1,PT00M11.00S,00:11,Q1 00:11,30,39,1610612759.0,Poeltl,Poeltl Free Throw 2 of 2 (3 PTS),rebound,substitution,9,Low
21800246,158,substitution,1,PT00M11.00S,00:11,Q1 00:11,30,38,1610612759.0,Gay,SUB out: R. Gay,freethrow,substitution,8,Low
21800246,159,substitution,1,PT00M11.00S,00:11,Q1 00:11,30,38,1610612759.0,Cunningham,SUB in: D. Cunningham,substitution,foul,8,Low
21800246,161,foul,1,PT00M04.40S,00:04,Q1 00:04,30,39,1610612759.0,White,White P.FOUL (P1.T4) (S.Wright),substitution,2pt missed,9,Low
21800246,163,2pt,1,PT00M00.00S,00:00,Q1 00:00,30,39,1610612740.0,Holiday,MISS Holiday 17' Step Back Jump Shot,foul,rebound,9,Low
21800246,164,rebound,1,PT00M00.00S,00:00,Q1 00:00,30,39,1610612740.0,,TEAM offensive REBOUND,2pt missed,period,9,Low
21800246,165,period,1,PT00M00.00S,00:00,Q1 00:00,30,39,1610612740.0,,End of 1st Period (8:38 PM EST),rebound,period,9,Low
21800246,171,period,2,PT12M00.00S,12:00,Q2 12:00,30,39,1610612740.0,,Start of 2nd Period (8:40 PM EST),period,substitution,9,Low
21800246,172,foul,2,PT11M47.00S,11:47,Q2 11:47,30,39,1610612740.0,Miller,Miller S.FOUL (P1.T1) (M.Smith),substitution,freethrow,9,Low
21800246,174,freethrow,2,PT11M47.00S,11:47,Q2 11:47,30,39,1610612759.0,Poeltl,MISS Poeltl Free Throw 1 of 2,foul,rebound,9,Low
21800246,175,rebound,2,PT11M47.00S,11:47,Q2 11:47,30,39,1610612759.0,,TEAM offensive REBOUND,freethrow,freethrow,9,Low
21800246,176,freethrow,2,PT11M47.00S,11:47,Q2 11:47,30,39,1610612759.0,Poeltl,MISS Poeltl Free Throw 2 of 2,rebound,rebound,9,Low
21800246,177,rebound,2,PT11M44.00S,11:44,Q2 11:44,30,39,1610612740.0,Holiday,Holiday REBOUND (Off:0 Def:1),freethrow,2pt missed,9,Low
21800246,178,2pt,2,PT11M35.00S,11:35,Q2 11:35,30,39,1610612740.0,Mirotic,MISS Mirotic 19' Jump Shot,rebound,rebound,9,Low
21800246,179,rebound,2,PT11M29.00S,11:29,Q2 11:29,30,39,1610612740.0,Davis,Davis REBOUND (Off:2 Def:1),2pt missed,2pt made,9,Low
21800246,180,2pt,2,PT11M19.00S,11:19,Q2 11:19,32,39,1610612740.0,Davis,Davis 3' Finger Roll Layup (6 PTS),rebound,3pt made,7,Low
21800246,181,3pt,2,PT11M10.00S,11:10,Q2 11:10,32,42,1610612759.0,Belinelli,Belinelli 27' 3PT Jump Shot (3 PTS) (White 1 AST),2pt made,2pt made,10,Low
21800246,183,2pt,2,PT10M59.00S,10:59,Q2 10:59,34,42,1610612740.0,Davis,Davis 1' Cutting Layup Shot (8 PTS) (Clark 1 AST),3pt made,2pt made,8,Low
21800246,185,2pt,2,PT10M48.00S,10:48,Q2 10:48,34,44,1610612759.0,Poeltl,Poeltl 2' Cutting Dunk Shot (5 PTS) (Belinelli 1 AST),2pt made,3pt missed,10,Low
21800246,187,3pt,2,PT10M40.00S,10:40,Q2 10:40,34,44,1610612740.0,Holiday,MISS Holiday 25' 3PT Jump Shot,2pt made,rebound,10,Low
21800246,188,rebound,2,PT10M36.00S,10:36,Q2 10:36,34,44,1610612759.0,White,White REBOUND (Off:0 Def:2),3pt missed,3pt missed,10,Low
21800246,189,3pt,2,PT10M31.00S,10:31,Q2 10:31,34,44,1610612759.0,Mills,MISS Mills 26' 3PT Jump Shot,rebound,rebound,10,Low
21800246,190,rebound,2,PT10M27.00S,10:27,Q2 10:27,34,44,1610612740.0,Holiday,Holiday REBOUND (Off:0 Def:2),3pt missed,2pt made,10,Low
21800246,191,2pt,2,PT10M20.00S,10:20,Q2 10:20,36,44,1610612740.0,Holiday,Holiday 1' Reverse Layup (7 PTS) (Davis 1 AST),rebound,2pt missed,8,Low
21800246,193,2pt,2,PT10M00.00S,10:00,Q2 10:00,36,44,1610612759.0,Mills,MISS Mills 4' Layup,2pt made,block,8,Low
21800246,193,block,2,PT10M00.00S,10:00,Q2 10:00,36,44,1610612740.0,Davis,Davis BLOCK (1 BLK),2pt missed,rebound,8,Low
21800246,195,rebound,2,PT09M57.00S,09:57,Q2 09:57,36,44,1610612759.0,Cunningham,Cunningham REBOUND (Off:3 Def:2),block,2pt made,8,Low
21800246,196,2pt,2,PT09M56.00S,09:56,Q2 09:56,36,46,1610612759.0,Cunningham,Cunningham 2' Driving Layup (10 PTS),rebound,foul,10,Low
21800246,197,foul,2,PT09M48.00S,09:48,Q2 09:48,36,46,1610612759.0,Mills,Mills P.FOUL (P2.T1) (M.Kogut),2pt made,substitution,10,Low
21800246,199,substitution,2,PT09M48.00S,09:48,Q2 09:48,36,46,1610612759.0,Poeltl,SUB out: J. Poeltl,foul,substitution,10,Low
21800246,200,substitution,2,PT09M48.00S,09:48,Q2 09:48,36,46,1610612759.0,Aldridge,SUB in: L. Aldridge,substitution,turnover,10,Low
21800246,201,turnover,2,PT09M43.00S,09:43,Q2 09:43,36,46,1610612740.0,Holiday,Holiday Bad Pass Turnover (P3.T3),substitution,steal,10,Low
21800246,201,steal,2,PT09M43.00S,09:43,Q2 09:43,36,46,1610612759.0,Mills,Mills STEAL (1 STL),turnover,3pt missed,10,Low
21800246,203,3pt,2,PT09M36.00S,09:36,Q2 09:36,36,46,1610612759.0,Mills,MISS Mills 3PT Jump Shot,steal,rebound,10,Low
21800246,204,rebound,2,PT09M31.00S,09:31,Q2 09:31,36,46,1610612740.0,Davis,Davis REBOUND (Off:2 Def:2),3pt missed,turnover,10,Low
21800246,205,turnover,2,PT09M23.00S,09:23,Q2 09:23,36,46,1610612740.0,Holiday,Holiday Bad Pass Turnover (P4.T4),rebound,steal,10,Low
21800246,205,steal,2,PT09M23.00S,09:23,Q2 09:23,36,46,1610612759.0,Mills,Mills STEAL (2 STL),turnover,2pt missed,10,Low
21800246,207,2pt,2,PT09M10.00S,09:10,Q2 09:10,36,46,1610612759.0,Aldridge,MISS Aldridge 16' Fadeaway Jumper,steal,rebound,10,Low
21800246,208,rebound,2,PT09M08.00S,09:08,Q2 09:08,36,46,1610612740.0,Mirotic,Mirotic REBOUND (Off:0 Def:2),2pt missed,timeout,10,Low
21800246,209,timeout,2,PT09M04.00S,09:04,Q2 09:04,36,46,1610612740.0,,PELICANS Timeout: Regular (Full 2 Short 0),rebound,substitution,10,Low
21800246,210,substitution,2,PT09M04.00S,09:04,Q2 09:04,36,46,1610612740.0,Clark,SUB out: I. Clark,timeout,substitution,10,Low
21800246,211,substitution,2,PT09M04.00S,09:04,Q2 09:04,36,46,1610612740.0,Mirotic,SUB out: N. Mirotic,substitution,substitution,10,Low
21800246,212,substitution,2,PT09M04.00S,09:04,Q2 09:04,36,46,1610612759.0,Mills,SUB out: P. Mills,substitution,substitution,10,Low
21800246,213,substitution,2,PT09M04.00S,09:04,Q2 09:04,36,46,1610612759.0,White,SUB out: D. White,substitution,substitution,10,Low
21800246,214,substitution,2,PT09M04.00S,09:04,Q2 09:04,36,46,1610612740.0,Moore,SUB in: E. Moore,substitution,substitution,10,Low
21800246,215,substitution,2,PT09M04.00S,09:04,Q2 09:04,36,46,1610612740.0,Diallo,SUB in: C. Diallo,substitution,substitution,10,Low
21800246,216,substitution,2,PT09M04.00S,09:04,Q2 09:04,36,46,1610612759.0,DeRozan,SUB in: D. DeRozan,substitution,substitution,10,Low
21800246,217,substitution,2,PT09M04.00S,09:04,Q2 09:04,36,46,1610612759.0,Forbes,SUB in: B. Forbes,substitution,2pt made,10,Low
21800246,218,2pt,2,PT08M48.00S,08:48,Q2 08:48,38,46,1610612740.0,Moore,Moore 3' Floating Jump Shot (8 PTS) (Davis 2 AST),substitution,foul,8,Low
21800246,221,foul,2,PT08M38.00S,08:38,Q2 08:38,38,46,1610612759.0,Cunningham,Cunningham OFF.Foul (P1) (S.Wright),2pt made,turnover,8,Low
21800246,223,turnover,2,PT08M38.00S,08:38,Q2 08:38,38,46,1610612759.0,Cunningham,Cunningham Offensive Foul Turnover (P1.T2),foul,substitution,8,Low
21800246,224,substitution,2,PT08M38.00S,08:38,Q2 08:38,38,46,1610612740.0,Miller,SUB out: D. Miller,turnover,substitution,8,Low
21800246,225,substitution,2,PT08M38.00S,08:38,Q2 08:38,38,46,1610612740.0,Jackson,SUB in: F. Jackson,substitution,2pt made,8,Low
21800246,226,2pt,2,PT08M23.00S,08:23,Q2 08:23,40,46,1610612740.0,Davis,Davis 6' Floating Jump Shot (10 PTS) (Jackson 1 AST),substitution,2pt missed,6,Low
21800246,228,2pt,2,PT08M08.00S,08:08,Q2 08:08,40,46,1610612759.0,DeRozan,MISS DeRozan 13' Turnaround Jump Shot,2pt made,rebound,6,Low
21800246,229,rebound,2,PT08M05.00S,08:05,Q2 08:05,40,46,1610612759.0,DeRozan,DeRozan REBOUND (Off:1 Def:1),2pt missed,3pt made,6,Low
21800246,230,3pt,2,PT08M01.00S,08:01,Q2 08:01,40,49,1610612759.0,Cunningham,Cunningham 3PT Jump Shot (13 PTS) (Belinelli 2 AST),rebound,2pt made,9,Low
21800246,232,2pt,2,PT07M44.00S,07:44,Q2 07:44,42,49,1610612740.0,Davis,Davis 15' Pullup Jump Shot (12 PTS),3pt made,2pt missed,7,Low
21800246,233,2pt,2,PT07M30.00S,07:30,Q2 07:30,42,49,1610612759.0,DeRozan,MISS DeRozan 13' Jump Shot,2pt made,rebound,7,Low
21800246,234,rebound,2,PT07M26.00S,07:26,Q2 07:26,42,49,1610612740.0,Moore,Moore REBOUND (Off:1 Def:1),2pt missed,foul,7,Low
21800246,235,foul,2,PT07M25.00S,07:25,Q2 07:25,42,49,1610612759.0,DeRozan,DeRozan P.FOUL (P1.T2) (M.Kogut),rebound,2pt made,7,Low
21800246,237,2pt,2,PT07M15.00S,07:15,Q2 07:15,44,49,1610612740.0,Davis,Davis 20' Jump Shot (14 PTS) (Holiday 5 AST),foul,2pt missed,5,Low
21800246,239,2pt,2,PT06M57.00S,06:57,Q2 06:57,44,49,1610612759.0,Aldridge,MISS Aldridge 10' Turnaround Hook Shot,2pt made,rebound,5,Low
21800246,240,rebound,2,PT06M54.00S,06:54,Q2 06:54,44,49,1610612740.0,Diallo,Diallo REBOUND (Off:0 Def:1),2pt missed,2pt made,5,Low
21800246,241,2pt,2,PT06M49.00S,06:49,Q2 06:49,46,49,1610612740.0,Davis,Davis 1' Running Layup (16 PTS),rebound,3pt made,3,Low
21800246,242,3pt,2,PT06M31.00S,06:31,Q2 06:31,46,52,1610612759.0,Cunningham,Cunningham 3PT Jump Shot (16 PTS) (DeRozan 4 AST),2pt made,2pt made,6,Low
21800246,244,2pt,2,PT06M07.00S,06:07,Q2 06:07,48,52,1610612740.0,Davis,Davis 1' Dunk (18 PTS) (Moore 3 AST),3pt made,3pt made,4,Low
21800246,246,3pt,2,PT05M55.00S,05:55,Q2 05:55,48,55,1610612759.0,Cunningham,Cunningham 3PT Jump Shot (19 PTS) (DeRozan 5 AST),2pt made,timeout,7,Low
21800246,248,timeout,2,PT05M54.00S,05:54,Q2 05:54,48,55,1610612740.0,,PELICANS Timeout: Regular (Full 3 Short 0),3pt made,substitution,7,Low
21800246,249,substitution,2,PT05M54.00S,05:54,Q2 05:54,48,55,1610612740.0,Diallo,SUB out: C. Diallo,timeout,substitution,7,Low
21800246,250,substitution,2,PT05M54.00S,05:54,Q2 05:54,48,55,1610612740.0,Randle,SUB in: J. Randle,substitution,2pt missed,7,Low
21800246,251,2pt,2,PT05M44.00S,05:44,Q2 05:44,48,55,1610612740.0,Davis,MISS Davis 15' Fadeaway Jumper,substitution,rebound,7,Low
21800246,252,rebound,2,PT05M41.00S,05:41,Q2 05:41,48,55,1610612740.0,Randle,Randle REBOUND (Off:2 Def:3),2pt missed,2pt made,7,Low
21800246,253,2pt,2,PT05M40.00S,05:40,Q2 05:40,50,55,1610612740.0,Randle,Randle 2' Putback Layup (10 PTS),rebound,2pt made,5,Low
21800246,254,2pt,2,PT05M27.00S,05:27,Q2 05:27,50,57,1610612759.0,DeRozan,DeRozan 17' Turnaround Fadeaway (2 PTS),2pt made,foul,7,Low
21800246,255,foul,2,PT05M09.00S,05:09,Q2 05:09,50,57,1610612759.0,DeRozan,DeRozan S.FOUL (P2.T3) (M.Smith),2pt made,freethrow,7,Low
21800246,257,freethrow,2,PT05M09.00S,05:09,Q2 05:09,51,57,1610612740.0,Holiday,Holiday Free Throw 1 of 2 (8 PTS),foul,freethrow,6,Low
21800246,262,freethrow,2,PT05M09.00S,05:09,Q2 05:09,51,57,1610612740.0,Holiday,MISS Holiday Free Throw 2 of 2,freethrow,substitution,6,Low
21800246,258,substitution,2,PT05M09.00S,05:09,Q2 05:09,51,57,1610612759.0,Belinelli,SUB out: M. Belinelli,freethrow,substitution,6,Low
21800246,259,substitution,2,PT05M09.00S,05:09,Q2 05:09,51,57,1610612759.0,Cunningham,SUB out: D. Cunningham,substitution,substitution,6,Low
21800246,260,substitution,2,PT05M09.00S,05:09,Q2 05:09,51,57,1610612759.0,Gay,SUB in: R. Gay,substitution,substitution,6,Low
21800246,261,substitution,2,PT05M09.00S,05:09,Q2 05:09,51,57,1610612759.0,Poeltl,SUB in: J. Poeltl,substitution,rebound,6,Low
21800246,263,rebound,2,PT05M07.00S,05:07,Q2 05:07,51,57,1610612759.0,Aldridge,Aldridge REBOUND (Off:0 Def:4),substitution,2pt missed,6,Low
21800246,264,2pt,2,PT04M52.00S,04:52,Q2 04:52,51,57,1610612759.0,DeRozan,MISS DeRozan 14' Turnaround Jump Shot,rebound,rebound,6,Low
21800246,265,rebound,2,PT04M49.00S,04:49,Q2 04:49,51,57,1610612740.0,Davis,Davis REBOUND (Off:2 Def:3),2pt missed,3pt missed,6,Low
21800246,266,3pt,2,PT04M36.00S,04:36,Q2 04:36,51,57,1610612740.0,Davis,MISS Davis 24' 3PT Jump Shot,rebound,rebound,6,Low
21800246,267,rebound,2,PT04M31.00S,04:31,Q2 04:31,51,57,1610612759.0,Aldridge,Aldridge REBOUND (Off:0 Def:5),3pt missed,3pt made,6,Low
21800246,268,3pt,2,PT04M28.00S,04:28,Q2 04:28,51,60,1610612759.0,Forbes,Forbes 27' 3PT Pullup Jump Shot (14 PTS),rebound,2pt made,9,Low
21800246,269,2pt,2,PT04M18.00S,04:18,Q2 04:18,53,60,1610612740.0,Randle,Randle 2' Driving Layup (12 PTS),3pt made,2pt missed,7,Low
21800246,270,2pt,2,PT03M55.00S,03:55,Q2 03:55,53,60,1610612759.0,Gay,MISS Gay 9' Pullup Jump Shot,2pt made,rebound,7,Low
21800246,271,rebound,2,PT03M55.00S,03:55,Q2 03:55,53,60,1610612740.0,,TEAM defensive REBOUND,2pt missed,foul,7,Low
21800246,272,foul,2,PT03M55.00S,03:55,Q2 03:55,53,60,1610612759.0,Poeltl,Poeltl L.B.FOUL (P2.T4) (M.Smith),rebound,substitution,7,Low
21800246,274,substitution,2,PT03M55.00S,03:55,Q2 03:55,53,60,1610612740.0,Davis,SUB out: A. Davis,foul,substitution,7,Low
21800246,275,substitution,2,PT03M55.00S,03:55,Q2 03:55,53,60,1610612740.0,Mirotic,SUB in: N. Mirotic,substitution,2pt missed,7,Low
21800246,276,2pt,2,PT03M41.00S,03:41,Q2 03:41,53,60,1610612740.0,Randle,MISS Randle 3' Layup,substitution,rebound,7,Low
21800246,277,rebound,2,PT03M38.00S,03:38,Q2 03:38,53,60,1610612759.0,Forbes,Forbes REBOUND (Off:0 Def:1),2pt missed,3pt missed,7,Low
21800246,278,3pt,2,PT03M36.00S,03:36,Q2 03:36,53,60,1610612759.0,Forbes,MISS Forbes 25' 3PT Jump Shot,rebound,rebound,7,Low
21800246,279,rebound,2,PT03M32.00S,03:32,Q2 03:32,53,60,1610612759.0,Poeltl,Poeltl REBOUND (Off:1 Def:0),3pt missed,turnover,7,Low
21800246,280,turnover,2,PT03M32.00S,03:32,Q2 03:32,53,60,1610612759.0,Poeltl,Poeltl Out of Bounds - Bad Pass Turnover Turnover (P1.T3),rebound,substitution,7,Low
21800246,281,substitution,2,PT03M32.00S,03:32,Q2 03:32,53,60,1610612759.0,Poeltl,SUB out: J. Poeltl,turnover,substitution,7,Low
21800246,282,substitution,2,PT03M32.00S,03:32,Q2 03:32,53,60,1610612759.0,Belinelli,SUB in: M. Belinelli,substitution,3pt made,7,Low
21800246,283,3pt,2,PT03M23.00S,03:23,Q2 03:23,56,60,1610612740.0,Moore,Moore 25' 3PT Jump Shot (11 PTS) (Holiday 6 AST),substitution,timeout,4,Low
21800246,285,timeout,2,PT03M20.00S,03:20,Q2 03:20,56,60,1610612759.0,,Spurs Timeout: Regular (Reg.2 Short 0),3pt made,3pt missed,4,Low
21800246,286,3pt,2,PT03M09.00S,03:09,Q2 03:09,56,60,1610612759.0,Gay,MISS Gay 26' 3PT Jump Shot,timeout,rebound,4,Low
21800246,287,rebound,2,PT03M06.00S,03:06,Q2 03:06,56,60,1610612740.0,Randle,Randle REBOUND (Off:2 Def:4),3pt missed,2pt missed,4,Low
21800246,288,2pt,2,PT03M00.00S,03:00,Q2 03:00,56,60,1610612740.0,Moore,MISS Moore 3' Floating Jump Shot,rebound,rebound,4,Low
21800246,289,rebound,2,PT02M59.00S,02:59,Q2 02:59,56,60,1610612740.0,Randle,Randle REBOUND (Off:3 Def:4),2pt missed,2pt made,4,Low
21800246,290,2pt,2,PT02M59.00S,02:59,Q2 02:59,58,60,1610612740.0,Randle,Randle 2' Layup (14 PTS),rebound,foul,2,Low
21800246,291,foul,2,PT02M59.00S,02:59,Q2 02:59,58,60,1610612759.0,Belinelli,Belinelli S.FOUL (P1.PN) (S.Wright),2pt made,freethrow,2,Low
21800246,293,freethrow,2,PT02M59.00S,02:59,Q2 02:59,59,60,1610612740.0,Randle,Randle Free Throw 1 of 1 (15 PTS),foul,2pt missed,1,Low
21800246,294,2pt,2,PT02M44.00S,02:44,Q2 02:44,59,60,1610612759.0,Belinelli,MISS Belinelli 6' Driving Finger Roll Layup,freethrow,rebound,1,Low
21800246,295,rebound,2,PT02M42.00S,02:42,Q2 02:42,59,60,1610612759.0,Gay,Gay REBOUND (Off:4 Def:1),2pt missed,2pt missed,1,Low
21800246,296,2pt,2,PT02M41.00S,02:41,Q2 02:41,59,60,1610612759.0,Gay,MISS Gay 2' Layup,rebound,rebound,1,Low
21800246,297,rebound,2,PT02M41.00S,02:41,Q2 02:41,59,60,1610612759.0,,TEAM offensive REBOUND,2pt missed,turnover,1,Low
21800246,299,turnover,2,PT02M38.00S,02:38,Q2 02:38,59,60,1610612759.0,Gay,Gay Bad Pass Turnover (P1.T4),rebound,steal,1,Low
21800246,299,steal,2,PT02M38.00S,02:38,Q2 02:38,59,60,1610612740.0,Mirotic,Mirotic STEAL (1 STL),turnover,2pt made,1,Low
21800246,301,2pt,2,PT02M36.00S,02:36,Q2 02:36,61,60,1610612740.0,Jackson,Jackson 2' Running Layup (2 PTS) (Holiday 7 AST),steal,foul,1,Low
21800246,303,foul,2,PT02M36.00S,02:36,Q2 02:36,61,60,1610612759.0,Forbes,Forbes S.FOUL (P1.PN) (M.Kogut),2pt made,freethrow,1,Low
21800246,305,freethrow,2,PT02M36.00S,02:36,Q2 02:36,62,60,1610612740.0,Jackson,Jackson Free Throw 1 of 1 (3 PTS),foul,2pt missed,2,Low
21800246,306,2pt,2,PT02M27.00S,02:27,Q2 02:27,62,60,1610612759.0,DeRozan,MISS DeRozan 4' Layup,freethrow,block,2,Low
21800246,306,block,2,PT02M27.00S,02:27,Q2 02:27,62,60,1610612740.0,Mirotic,Mirotic BLOCK (1 BLK),2pt missed,rebound,2,Low
21800246,308,rebound,2,PT02M27.00S,02:27,Q2 02:27,62,60,1610612759.0,,TEAM offensive REBOUND,block,turnover,2,Low
21800246,310,turnover,2,PT02M20.00S,02:20,Q2 02:20,62,60,1610612759.0,DeRozan,DeRozan Lost Ball Turnover (P2.T5),rebound,steal,2,Low
21800246,310,steal,2,PT02M20.00S,02:20,Q2 02:20,62,60,1610612740.0,Holiday,Holiday STEAL (2 STL),turnover,2pt made,2,Low
21800246,312,2pt,2,PT02M17.00S,02:17,Q2 02:17,64,60,1610612740.0,Jackson,Jackson 1' Running Layup (5 PTS),steal,3pt made,4,Low
21800246,313,3pt,2,PT02M00.00S,02:00,Q2 02:00,64,63,1610612759.0,Belinelli,Belinelli 26' 3PT Jump Shot (6 PTS) (Aldridge 2 AST),2pt made,3pt missed,1,Low
21800246,315,3pt,2,PT01M41.00S,01:41,Q2 01:41,64,63,1610612740.0,Moore,MISS Moore 26' 3PT Jump Shot,3pt made,rebound,1,Low
21800246,316,rebound,2,PT01M38.00S,01:38,Q2 01:38,64,63,1610612740.0,Randle,Randle REBOUND (Off:4 Def:4),3pt missed,3pt made,1,Low
21800246,317,3pt,2,PT01M37.00S,01:37,Q2 01:37,67,63,1610612740.0,Moore,Moore 24' 3PT Jump Shot (14 PTS) (Randle 2 AST),rebound,foul,4,Low
21800246,319,foul,2,PT01M20.00S,01:20,Q2 01:20,67,63,1610612740.0,Randle,Randle P.FOUL (P2.T2) (M.Kogut),3pt made,substitution,4,Low
21800246,321,substitution,2,PT01M20.00S,01:20,Q2 01:20,67,63,1610612740.0,Randle,SUB out: J. Randle,foul,substitution,4,Low
21800246,322,substitution,2,PT01M20.00S,01:20,Q2 01:20,67,63,1610612740.0,Davis,SUB in: A. Davis,substitution,2pt missed,4,Low
21800246,323,2pt,2,PT01M14.00S,01:14,Q2 01:14,67,63,1610612759.0,Aldridge,MISS Aldridge 19' Jump Shot,substitution,rebound,4,Low
21800246,324,rebound,2,PT01M10.00S,01:10,Q2 01:10,67,63,1610612740.0,Holiday,Holiday REBOUND (Off:0 Def:3),2pt missed,2pt missed,4,Low
21800246,325,2pt,2,PT01M02.00S,01:02,Q2 01:02,67,63,1610612740.0,Holiday,MISS Holiday 3' Driving Layup,rebound,rebound,4,Low
21800246,326,rebound,2,PT01M00.00S,01:00,Q2 01:00,67,63,1610612759.0,Aldridge,Aldridge REBOUND (Off:0 Def:6),2pt missed,2pt made,4,Low
21800246,327,2pt,2,PT00M54.20S,00:54,Q2 00:54,67,65,1610612759.0,DeRozan,DeRozan 2' Driving Layup (4 PTS) (Forbes 1 AST),rebound,foul,2,Low
21800246,328,foul,2,PT00M43.70S,00:43,Q2 00:43,67,65,1610612759.0,Forbes,Forbes S.FOUL (P2.PN) (M.Smith),2pt made,freethrow,2,Low
21800246,330,freethrow,2,PT00M43.70S,00:43,Q2 00:43,67,65,1610612740.0,Holiday,MISS Holiday Free Throw 1 of 2,foul,rebound,2,Low
21800246,331,rebound,2,PT00M43.70S,00:43,Q2 00:43,67,65,1610612740.0,,TEAM offensive REBOUND,freethrow,freethrow,2,Low
21800246,332,freethrow,2,PT00M43.70S,00:43,Q2 00:43,68,65,1610612740.0,Holiday,Holiday Free Throw 2 of 2 (9 PTS),rebound,2pt made,3,Low
21800246,333,2pt,2,PT00M25.60S,00:25,Q2 00:25,68,67,1610612759.0,DeRozan,DeRozan 1' Driving Layup (6 PTS),freethrow,turnover,1,Low
21800246,334,turnover,2,PT00M02.60S,00:02,Q2 00:02,68,67,1610612740.0,Holiday,Holiday Lost Ball Turnover (P5.T5),2pt made,steal,1,Low
21800246,334,steal,2,PT00M02.60S,00:02,Q2 00:02,68,67,1610612759.0,Forbes,Forbes STEAL (1 STL),turnover,3pt missed,1,Low
21800246,336,3pt,2,PT00M01.00S,00:01,Q2 00:01,68,67,1610612759.0,Belinelli,MISS Belinelli 31' 3PT Jump Shot,steal,rebound,1,Low
21800246,337,rebound,2,PT00M01.00S,00:01,Q2 00:01,68,67,1610612759.0,,TEAM offensive REBOUND,3pt missed,period,1,Low
21800246,338,period,2,PT00M00.00S,00:00,Q2 00:00,68,67,1610612740.0,,End of 2nd Period (9:07 PM EST),rebound,period,1,Low
21800246,344,period,3,PT12M00.00S,12:00,Q3 12:00,68,67,1610612740.0,,Start of 3rd Period (9:22 PM EST),period,substitution,1,Low
21800246,345,2pt,3,PT11M44.00S,11:44,Q3 11:44,68,67,1610612759.0,DeRozan,MISS DeRozan 11' Jump Shot,substitution,rebound,1,Low
21800246,346,rebound,3,PT11M40.00S,11:40,Q3 11:40,68,67,1610612759.0,DeRozan,DeRozan REBOUND (Off:2 Def:1),2pt missed,turnover,1,Low
21800246,347,turnover,3,PT11M37.00S,11:37,Q3 11:37,68,67,1610612759.0,DeRozan,DeRozan Bad Pass Turnover (P3.T6),rebound,steal,1,Low
21800246,347,steal,3,PT11M37.00S,11:37,Q3 11:37,68,67,1610612740.0,Davis,Davis STEAL (1 STL),turnover,2pt missed,1,Low
21800246,349,2pt,3,PT11M22.00S,11:22,Q3 11:22,68,67,1610612740.0,Davis,MISS Davis 14' Jump Shot,steal,rebound,1,Low
21800246,350,rebound,3,PT11M18.00S,11:18,Q3 11:18,68,67,1610612759.0,DeRozan,DeRozan REBOUND (Off:2 Def:2),2pt missed,2pt missed,1,Low
21800246,351,2pt,3,PT11M03.00S,11:03,Q3 11:03,68,67,1610612759.0,Aldridge,MISS Aldridge 5' Turnaround Jump Shot,rebound,rebound,1,Low
21800246,352,rebound,3,PT11M01.00S,11:01,Q3 11:01,68,67,1610612740.0,Mirotic,Mirotic REBOUND (Off:0 Def:3),2pt missed,3pt made,1,Low
21800246,353,3pt,3,PT10M53.00S,10:53,Q3 10:53,71,67,1610612740.0,Mirotic,Mirotic 28' 3PT Jump Shot (6 PTS) (Moore 4 AST),rebound,2pt missed,4,Low
21800246,355,2pt,3,PT10M33.00S,10:33,Q3 10:33,71,67,1610612759.0,DeRozan,MISS DeRozan 17' Pullup Jump Shot,3pt made,rebound,4,Low
21800246,356,rebound,3,PT10M30.00S,10:30,Q3 10:30,71,67,1610612740.0,Mirotic,Mirotic REBOUND (Off:0 Def:4),2pt missed,foul,4,Low
21800246,357,foul,3,PT10M27.00S,10:27,Q3 10:27,71,67,1610612759.0,Aldridge,Aldridge P.FOUL (P2.T1) (M.Kogut),rebound,foul,4,Low
21800246,359,foul,3,PT10M23.00S,10:23,Q3 10:23,71,67,1610612759.0,Forbes,Forbes P.FOUL (P3.T2) (M.Smith),foul,2pt made,4,Low
21800246,361,2pt,3,PT10M18.00S,10:18,Q3 10:18,73,67,1610612740.0,Moore,Moore 13' Step Back Jump Shot (16 PTS),foul,turnover,6,Low
21800246,362,turnover,3,PT10M00.00S,10:00,Q3 10:00,73,67,1610612759.0,Gay,Gay Lost Ball Turnover (P2.T7),2pt made,steal,6,Low
21800246,362,steal,3,PT10M00.00S,10:00,Q3 10:00,73,67,1610612740.0,Johnson,W. Johnson STEAL (1 STL),turnover,3pt made,6,Low
21800246,364,3pt,3,PT09M52.00S,09:52,Q3 09:52,76,67,1610612740.0,Mirotic,Mirotic 27' 3PT Jump Shot (9 PTS) (Holiday 8 AST),steal,timeout,9,Low
21800246,366,timeout,3,PT09M50.00S,09:50,Q3 09:50,76,67,1610612759.0,,Spurs Timeout: Regular (Reg.3 Short 0),3pt made,substitution,9,Low
21800246,367,substitution,3,PT09M50.00S,09:50,Q3 09:50,76,67,1610612759.0,Forbes,SUB out: B. Forbes,timeout,substitution,9,Low
21800246,368,substitution,3,PT09M50.00S,09:50,Q3 09:50,76,67,1610612759.0,Mills,SUB in: P. Mills,substitution,2pt made,9,Low
21800246,369,2pt,3,PT09M36.00S,09:36,Q3 09:36,76,69,1610612759.0,DeRozan,DeRozan 12' Turnaround Jump Shot (8 PTS),substitution,3pt missed,7,Low
21800246,370,3pt,3,PT09M12.00S,09:12,Q3 09:12,76,69,1610612740.0,Holiday,MISS Holiday 25' 3PT Jump Shot,2pt made,rebound,7,Low
21800246,371,rebound,3,PT09M07.00S,09:07,Q3 09:07,76,69,1610612759.0,Aldridge,Aldridge REBOUND (Off:0 Def:7),3pt missed,2pt made,7,Low
21800246,372,2pt,3,PT09M00.00S,09:00,Q3 09:00,76,71,1610612759.0,DeRozan,DeRozan 7' Floating Jump Shot (10 PTS),rebound,foul,5,Low
21800246,373,foul,3,PT08M53.00S,08:53,Q3 08:53,76,71,1610612759.0,Gay,Gay P.FOUL (P1.T3) (M.Kogut),2pt made,2pt made,5,Low
21800246,375,2pt,3,PT08M48.00S,08:48,Q3 08:48,78,71,1610612740.0,Moore,Moore 12' Turnaround Fadeaway Bank Jump Shot (18 PTS),foul,2pt missed,7,Low
21800246,376,2pt,3,PT08M34.00S,08:34,Q3 08:34,78,71,1610612759.0,Gay,MISS Gay 4' Cutting Layup Shot,2pt made,block,7,Low
21800246,376,block,3,PT08M34.00S,08:34,Q3 08:34,78,71,1610612740.0,Davis,Davis BLOCK (2 BLK),2pt missed,rebound,7,Low
21800246,378,rebound,3,PT08M29.00S,08:29,Q3 08:29,78,71,1610612759.0,Gay,Gay REBOUND (Off:5 Def:1),block,2pt made,7,Low
21800246,379,2pt,3,PT08M29.00S,08:29,Q3 08:29,78,73,1610612759.0,Gay,Gay 2' Layup (13 PTS),rebound,3pt missed,5,Low
21800246,380,3pt,3,PT08M19.00S,08:19,Q3 08:19,78,73,1610612740.0,Johnson,MISS W. Johnson 24' 3PT Jump Shot,2pt made,rebound,5,Low
21800246,381,rebound,3,PT08M16.00S,08:16,Q3 08:16,78,73,1610612759.0,Cunningham,Cunningham REBOUND (Off:3 Def:3),3pt missed,foul,5,Low
21800246,382,foul,3,PT08M08.00S,08:08,Q3 08:08,78,73,1610612740.0,Davis,PELICANS T.Foul (Def. 3 Sec Davis ) (M.Smith),rebound,freethrow,5,Low
21800246,383,freethrow,3,PT08M08.00S,08:08,Q3 08:08,78,74,1610612759.0,DeRozan,DeRozan Free Throw Technical (11 PTS),foul,2pt made,4,Low
21800246,384,2pt,3,PT08M00.00S,08:00,Q3 08:00,78,76,1610612759.0,DeRozan,DeRozan 19' Jump Shot (13 PTS),freethrow,3pt missed,2,Low
21800246,385,3pt,3,PT07M52.00S,07:52,Q3 07:52,78,76,1610612740.0,Mirotic,MISS Mirotic 29' 3PT Jump Shot,2pt made,rebound,2,Low
21800246,386,rebound,3,PT07M45.00S,07:45,Q3 07:45,78,76,1610612740.0,Holiday,Holiday REBOUND (Off:1 Def:3),3pt missed,2pt made,2,Low
21800246,387,2pt,3,PT07M45.00S,07:45,Q3 07:45,80,76,1610612740.0,Holiday,Holiday 1' Tip Layup Shot (11 PTS),rebound,2pt made,4,Low
21800246,388,2pt,3,PT07M21.00S,07:21,Q3 07:21,80,78,1610612759.0,Gay,Gay 22' Jump Shot (15 PTS) (Cunningham 2 AST),2pt made,2pt made,2,Low
21800246,390,2pt,3,PT07M12.00S,07:12,Q3 07:12,82,78,1610612740.0,Holiday,Holiday 1' Driving Layup (13 PTS),2pt made,foul,4,Low
21800246,391,foul,3,PT07M12.00S,07:12,Q3 07:12,82,78,1610612759.0,Aldridge,Aldridge S.FOUL (P3.T4) (M.Smith),2pt made,freethrow,4,Low
21800246,393,freethrow,3,PT07M12.00S,07:12,Q3 07:12,83,78,1610612740.0,Holiday,Holiday Free Throw 1 of 1 (14 PTS),foul,2pt made,5,Low
21800246,394,2pt,3,PT06M58.00S,06:58,Q3 06:58,83,80,1610612759.0,Mills,Mills 2' Driving Layup (2 PTS) (Cunningham 3 AST),freethrow,2pt missed,3,Low
21800246,396,2pt,3,PT06M47.00S,06:47,Q3 06:47,83,80,1610612740.0,Johnson,MISS W. Johnson 20' Pullup Jump Shot,2pt made,rebound,3,Low
21800246,397,rebound,3,PT06M44.00S,06:44,Q3 06:44,83,80,1610612759.0,Cunningham,Cunningham REBOUND (Off:3 Def:4),2pt missed,2pt made,3,Low
21800246,398,2pt,3,PT06M36.00S,06:36,Q3 06:36,83,82,1610612759.0,Gay,Gay 6' Fadeaway Jumper (17 PTS),rebound,3pt made,1,Low
21800246,399,3pt,3,PT06M26.00S,06:26,Q3 06:26,86,82,1610612740.0,Johnson,W. Johnson 3PT Jump Shot (5 PTS) (Holiday 9 AST),2pt made,foul,4,Low
21800246,401,foul,3,PT06M11.00S,06:11,Q3 06:11,86,82,1610612740.0,Moore,Moore P.FOUL (P2.T1) (S.Wright),3pt made,substitution,4,Low
21800246,403,substitution,3,PT06M11.00S,06:11,Q3 06:11,86,82,1610612740.0,Mirotic,SUB out: N. Mirotic,foul,substitution,4,Low
21800246,404,substitution,3,PT06M11.00S,06:11,Q3 06:11,86,82,1610612740.0,Randle,SUB in: J. Randle,substitution,turnover,4,Low
21800246,405,turnover,3,PT05M53.00S,05:53,Q3 05:53,86,82,1610612759.0,Gay,Gay Bad Pass Turnover (P3.T8),substitution,steal,4,Low
21800246,405,steal,3,PT05M53.00S,05:53,Q3 05:53,86,82,1610612740.0,Moore,Moore STEAL (1 STL),turnover,2pt made,4,Low
21800246,407,2pt,3,PT05M48.00S,05:48,Q3 05:48,88,82,1610612740.0,Davis,Davis 1' Cutting Dunk Shot (20 PTS) (W. Johnson 1 AST),steal,foul,6,Low
21800246,409,foul,3,PT05M33.00S,05:33,Q3 05:33,88,82,1610612740.0,Moore,Moore P.FOUL (P3.T2) (M.Smith),2pt made,substitution,6,Low
21800246,411,substitution,3,PT05M33.00S,05:33,Q3 05:33,88,82,1610612740.0,Holiday,SUB out: J. Holiday,foul,substitution,6,Low
21800246,412,substitution,3,PT05M33.00S,05:33,Q3 05:33,88,82,1610612759.0,Gay,SUB out: R. Gay,substitution,substitution,6,Low
21800246,413,substitution,3,PT05M33.00S,05:33,Q3 05:33,88,82,1610612740.0,Clark,SUB in: I. Clark,substitution,substitution,6,Low
21800246,414,substitution,3,PT05M33.00S,05:33,Q3 05:33,88,82,1610612759.0,Belinelli,SUB in: M. Belinelli,substitution,turnover,6,Low
21800246,416,turnover,3,PT05M31.00S,05:31,Q3 05:31,88,82,1610612759.0,Aldridge,Aldridge Traveling Turnover (P1.T9),substitution,substitution,6,Low
21800246,417,substitution,3,PT05M31.00S,05:31,Q3 05:31,88,82,1610612759.0,Cunningham,SUB out: D. Cunningham,turnover,substitution,6,Low
21800246,418,substitution,3,PT05M31.00S,05:31,Q3 05:31,88,82,1610612759.0,Poeltl,SUB in: J. Poeltl,substitution,2pt made,6,Low
21800246,419,2pt,3,PT05M18.00S,05:18,Q3 05:18,90,82,1610612740.0,Davis,Davis 2' Driving Layup (22 PTS),substitution,2pt made,8,Low
21800246,420,2pt,3,PT05M04.00S,05:04,Q3 05:04,90,84,1610612759.0,Poeltl,Poeltl 1' Layup (7 PTS) (Belinelli 3 AST),2pt made,2pt made,6,Low
21800246,422,2pt,3,PT04M46.00S,04:46,Q3 04:46,92,84,1610612740.0,Moore,Moore 18' Step Back Jump Shot (20 PTS),2pt made,foul,8,Low
21800246,423,foul,3,PT04M37.00S,04:37,Q3 04:37,92,84,1610612740.0,Johnson,W. Johnson S.FOUL (P2.T3) (M.Kogut),2pt made,freethrow,8,Low
21800246,425,freethrow,3,PT04M37.00S,04:37,Q3 04:37,92,85,1610612759.0,DeRozan,DeRozan Free Throw 1 of 2 (14 PTS),foul,freethrow,7,Low
21800246,428,freethrow,3,PT04M37.00S,04:37,Q3 04:37,92,86,1610612759.0,DeRozan,DeRozan Free Throw 2 of 2 (15 PTS),freethrow,substitution,6,Low
21800246,426,substitution,3,PT04M37.00S,04:37,Q3 04:37,92,85,1610612759.0,Aldridge,SUB out: L. Aldridge,freethrow,substitution,7,Low
21800246,427,substitution,3,PT04M37.00S,04:37,Q3 04:37,92,85,1610612759.0,Metu,SUB in: C. Metu,substitution,foul,7,Low
21800246,429,foul,3,PT04M26.00S,04:26,Q3 04:26,92,86,1610612759.0,Mills,Spurs T.Foul (Def. 3 Sec Mills ) (M.Smith),substitution,freethrow,6,Low
21800246,430,freethrow,3,PT04M26.00S,04:26,Q3 04:26,93,86,1610612740.0,Davis,Davis Free Throw Technical (23 PTS),foul,substitution,7,Low
21800246,431,substitution,3,PT04M26.00S,04:26,Q3 04:26,93,86,1610612740.0,Davis,SUB out: A. Davis,freethrow,substitution,7,Low
21800246,432,substitution,3,PT04M26.00S,04:26,Q3 04:26,93,86,1610612759.0,DeRozan,SUB out: D. DeRozan,substitution,substitution,7,Low
21800246,433,substitution,3,PT04M26.00S,04:26,Q3 04:26,93,86,1610612740.0,Mirotic,SUB in: N. Mirotic,substitution,substitution,7,Low
21800246,434,substitution,3,PT04M26.00S,04:26,Q3 04:26,93,86,1610612759.0,White,SUB in: D. White,substitution,2pt made,7,Low
21800246,435,2pt,3,PT04M17.00S,04:17,Q3 04:17,95,86,1610612740.0,Randle,Randle 3' Reverse Layup (17 PTS),substitution,foul,9,Low
21800246,437,foul,3,PT04M10.00S,04:10,Q3 04:10,95,86,1610612740.0,Johnson,W. Johnson S.FOUL (P3.T4) (S.Wright),2pt made,freethrow,9,Low
21800246,439,freethrow,3,PT04M10.00S,04:10,Q3 04:10,95,87,1610612759.0,Belinelli,Belinelli Free Throw 1 of 2 (7 PTS),foul,freethrow,8,Low
21800246,440,freethrow,3,PT04M10.00S,04:10,Q3 04:10,95,88,1610612759.0,Belinelli,Belinelli Free Throw 2 of 2 (8 PTS),freethrow,2pt made,7,Low
21800246,441,2pt,3,PT03M59.00S,03:59,Q3 03:59,97,88,1610612740.0,Randle,Randle 4' Layup (19 PTS),freethrow,turnover,9,Low
21800246,442,turnover,3,PT03M49.00S,03:49,Q3 03:49,97,88,1610612759.0,Mills,Mills Out of Bounds - Bad Pass Turnover Turnover (P1.T10),2pt made,substitution,9,Low
21800246,443,substitution,3,PT03M49.00S,03:49,Q3 03:49,97,88,1610612740.0,Johnson,SUB out: W. Johnson,turnover,substitution,9,Low
21800246,444,substitution,3,PT03M49.00S,03:49,Q3 03:49,97,88,1610612740.0,Miller,SUB in: D. Miller,substitution,2pt made,9,Low
21800246,445,2pt,3,PT03M38.00S,03:38,Q3 03:38,99,88,1610612740.0,Moore,Moore 5' Floating Jump Shot (22 PTS) (Clark 2 AST),substitution,timeout,11,Low
21800246,447,timeout,3,PT03M37.00S,03:37,Q3 03:37,99,88,1610612759.0,,Spurs Timeout: Regular (Reg.4 Short 0),2pt made,substitution,11,Low
21800246,448,substitution,3,PT03M37.00S,03:37,Q3 03:37,99,88,1610612740.0,Moore,SUB out: E. Moore,timeout,substitution,11,Low
21800246,449,substitution,3,PT03M37.00S,03:37,Q3 03:37,99,88,1610612759.0,White,SUB out: D. White,substitution,substitution,11,Low
21800246,450,substitution,3,PT03M37.00S,03:37,Q3 03:37,99,88,1610612759.0,Poeltl,SUB out: J. Poeltl,substitution,substitution,11,Low
21800246,451,substitution,3,PT03M37.00S,03:37,Q3 03:37,99,88,1610612740.0,Jackson,SUB in: F. Jackson,substitution,substitution,11,Low
21800246,452,substitution,3,PT03M37.00S,03:37,Q3 03:37,99,88,1610612759.0,Cunningham,SUB in: D. Cunningham,substitution,substitution,11,Low
21800246,453,substitution,3,PT03M37.00S,03:37,Q3 03:37,99,88,1610612759.0,DeRozan,SUB in: D. DeRozan,substitution,foul,11,Low
21800246,454,foul,3,PT03M31.00S,03:31,Q3 03:31,99,88,1610612740.0,Clark,Clark P.FOUL (P2.PN) (M.Smith),substitution,freethrow,11,Low
21800246,456,freethrow,3,PT03M31.00S,03:31,Q3 03:31,99,89,1610612759.0,Belinelli,Belinelli Free Throw 1 of 2 (9 PTS),foul,freethrow,10,Low
21800246,459,freethrow,3,PT03M31.00S,03:31,Q3 03:31,99,89,1610612759.0,Belinelli,MISS Belinelli Free Throw 2 of 2,freethrow,substitution,10,Low
21800246,457,substitution,3,PT03M31.00S,03:31,Q3 03:31,99,89,1610612759.0,Mills,SUB out: P. Mills,freethrow,substitution,10,Low
21800246,458,substitution,3,PT03M31.00S,03:31,Q3 03:31,99,89,1610612759.0,Forbes,SUB in: B. Forbes,substitution,rebound,10,Low
21800246,460,rebound,3,PT03M28.00S,03:28,Q3 03:28,99,89,1610612740.0,Randle,Randle REBOUND (Off:4 Def:5),substitution,2pt made,10,Low
21800246,461,2pt,3,PT03M12.00S,03:12,Q3 03:12,101,89,1610612740.0,Mirotic,Mirotic 1' Layup (11 PTS) (Randle 3 AST),rebound,2pt missed,12,Low
21800246,463,2pt,3,PT03M04.00S,03:04,Q3 03:04,101,89,1610612759.0,DeRozan,MISS DeRozan 2' Layup,2pt made,block,12,Low
21800246,463,block,3,PT03M04.00S,03:04,Q3 03:04,101,89,1610612740.0,Miller,Miller BLOCK (1 BLK),2pt missed,rebound,12,Low
21800246,465,rebound,3,PT03M01.00S,03:01,Q3 03:01,101,89,1610612740.0,Clark,Clark REBOUND (Off:0 Def:1),block,3pt missed,12,Low
21800246,466,3pt,3,PT03M00.00S,03:00,Q3 03:00,101,89,1610612740.0,Jackson,MISS Jackson 3PT Jump Shot,rebound,rebound,12,Low
21800246,470,rebound,3,PT02M57.00S,02:57,Q3 02:57,101,89,1610612740.0,,TEAM offensive REBOUND,3pt missed,2pt missed,12,Low
21800246,471,2pt,3,PT02M46.00S,02:46,Q3 02:46,101,89,1610612740.0,Jackson,MISS Jackson 9' Driving Layup,rebound,rebound,12,Low
21800246,472,rebound,3,PT02M44.00S,02:44,Q3 02:44,101,89,1610612740.0,Jackson,Jackson REBOUND (Off:1 Def:0),2pt missed,3pt missed,12,Low
21800246,473,3pt,3,PT02M43.00S,02:43,Q3 02:43,101,89,1610612740.0,Clark,MISS Clark 26' 3PT Jump Shot,rebound,rebound,12,Low
21800246,474,rebound,3,PT02M39.00S,02:39,Q3 02:39,101,89,1610612740.0,Randle,Randle REBOUND (Off:5 Def:5),3pt missed,3pt missed,12,Low
21800246,477,3pt,3,PT02M27.00S,02:27,Q3 02:27,101,89,1610612740.0,Randle,MISS Randle 26' 3PT Jump Shot,rebound,rebound,12,Low
21800246,478,rebound,3,PT02M23.00S,02:23,Q3 02:23,101,89,1610612759.0,DeRozan,DeRozan REBOUND (Off:2 Def:3),3pt missed,2pt missed,12,Low
21800246,479,2pt,3,PT02M13.00S,02:13,Q3 02:13,101,89,1610612759.0,DeRozan,MISS DeRozan 2' Driving Layup,rebound,rebound,12,Low
21800246,480,rebound,3,PT02M09.00S,02:09,Q3 02:09,101,89,1610612759.0,Metu,Metu REBOUND (Off:1 Def:0),2pt missed,2pt made,12,Low
21800246,481,2pt,3,PT02M09.00S,02:09,Q3 02:09,101,91,1610612759.0,Metu,Metu 1' Tip Layup Shot (2 PTS),rebound,2pt missed,10,Low
21800246,482,2pt,3,PT01M58.00S,01:58,Q3 01:58,101,91,1610612740.0,Clark,MISS Clark 2' Driving Layup,2pt made,rebound,10,Low
21800246,483,rebound,3,PT01M56.00S,01:56,Q3 01:56,101,91,1610612759.0,Metu,Metu REBOUND (Off:1 Def:1),2pt missed,3pt missed,10,Low
21800246,484,3pt,3,PT01M53.00S,01:53,Q3 01:53,101,91,1610612759.0,Belinelli,MISS Belinelli 24' 3PT Jump Shot,rebound,rebound,10,Low
21800246,485,rebound,3,PT01M49.00S,01:49,Q3 01:49,101,91,1610612740.0,Randle,Randle REBOUND (Off:5 Def:6),3pt missed,2pt made,10,Low
21800246,486,2pt,3,PT01M41.00S,01:41,Q3 01:41,103,91,1610612740.0,Jackson,Jackson 17' Pullup Jump Shot (7 PTS) (Randle 4 AST),rebound,foul,12,Low
21800246,488,foul,3,PT01M20.00S,01:20,Q3 01:20,103,91,1610612740.0,Mirotic,Mirotic S.FOUL (P3.PN) (S.Wright),2pt made,freethrow,12,Low
21800246,490,freethrow,3,PT01M20.00S,01:20,Q3 01:20,103,92,1610612759.0,DeRozan,DeRozan Free Throw 1 of 2 (16 PTS),foul,freethrow,11,Low
21800246,491,freethrow,3,PT01M20.00S,01:20,Q3 01:20,103,93,1610612759.0,DeRozan,DeRozan Free Throw 2 of 2 (17 PTS),freethrow,2pt made,10,Low
21800246,492,2pt,3,PT01M00.00S,01:00,Q3 01:00,105,93,1610612740.0,Randle,Randle 2' Cutting Layup Shot (21 PTS) (Miller 2 AST),freethrow,foul,12,Low
21800246,494,foul,3,PT00M46.00S,00:46,Q3 00:46,105,93,1610612740.0,Miller,Miller P.FOUL (P2.PN) (M.Kogut),2pt made,freethrow,12,Low
21800246,496,freethrow,3,PT00M46.00S,00:46,Q3 00:46,105,94,1610612759.0,DeRozan,DeRozan Free Throw 1 of 2 (18 PTS),foul,freethrow,11,Low
21800246,497,freethrow,3,PT00M46.00S,00:46,Q3 00:46,105,95,1610612759.0,DeRozan,DeRozan Free Throw 2 of 2 (19 PTS),freethrow,2pt missed,10,Low
21800246,498,2pt,3,PT00M35.10S,00:35,Q3 00:35,105,95,1610612740.0,Jackson,MISS Jackson 3' Cutting Layup Shot,freethrow,rebound,10,Low
21800246,499,rebound,3,PT00M33.60S,00:33,Q3 00:33,105,95,1610612740.0,Randle,Randle REBOUND (Off:6 Def:6),2pt missed,3pt made,10,Low
21800246,500,3pt,3,PT00M31.50S,00:31,Q3 00:31,108,95,1610612740.0,Miller,Miller 26' 3PT Jump Shot (3 PTS) (Randle 5 AST),rebound,2pt missed,13,Low
21800246,502,2pt,3,PT00M07.80S,00:07,Q3 00:07,108,95,1610612759.0,DeRozan,MISS DeRozan 6' Floating Jump Shot,3pt made,rebound,13,Low
21800246,504,rebound,3,PT00M07.80S,00:07,Q3 00:07,108,95,1610612759.0,DeRozan,DeRozan REBOUND (Off:3 Def:3),2pt missed,2pt made,13,Low
21800246,503,2pt,3,PT00M03.10S,00:03,Q3 00:03,108,97,1610612759.0,DeRozan,DeRozan 3' Finger Roll Layup (21 PTS),rebound,3pt missed,11,Low
21800246,506,3pt,3,PT00M00.00S,00:00,Q3 00:00,108,97,1610612740.0,Clark,MISS Clark 29' 3PT Jump Shot,2pt made,rebound,11,Low
21800246,507,rebound,3,PT00M00.00S,00:00,Q3 00:00,108,97,1610612740.0,,TEAM offensive REBOUND,3pt missed,period,11,Low
21800246,508,period,3,PT00M00.00S,00:00,Q3 00:00,108,97,1610612740.0,,End of 3rd Period (9:50 PM EST),rebound,period,11,Low
21800246,518,period,4,PT12M00.00S,12:00,Q4 12:00,108,97,1610612740.0,,Start of 4th Period (9:53 PM EST),period,substitution,11,Low
21800246,519,turnover,4,PT11M47.00S,11:47,Q4 11:47,108,97,1610612740.0,Miller,Miller Bad Pass Turnover (P1.T6),substitution,steal,11,Low
21800246,519,steal,4,PT11M47.00S,11:47,Q4 11:47,108,97,1610612759.0,Belinelli,Belinelli STEAL (1 STL),turnover,3pt missed,11,Low
21800246,521,3pt,4,PT11M41.00S,11:41,Q4 11:41,108,97,1610612759.0,Gay,MISS Gay 25' 3PT Jump Shot,steal,rebound,11,Low
21800246,522,rebound,4,PT11M38.00S,11:38,Q4 11:38,108,97,1610612740.0,,TEAM defensive REBOUND,3pt missed,2pt made,11,Low
21800246,524,2pt,4,PT11M26.00S,11:26,Q4 11:26,110,97,1610612740.0,Davis,Davis 15' Step Back Jump Shot (25 PTS) (Randle 6 AST),rebound,instant replay,13,Low
21800246,527,foul,4,PT11M14.00S,11:14,Q4 11:14,110,97,1610612740.0,Jackson,Jackson P.FOUL (P1.T1) (M.Smith),instant replay,2pt missed,13,Low
21800246,529,2pt,4,PT11M11.00S,11:11,Q4 11:11,110,97,1610612759.0,Belinelli,MISS Belinelli 15' Jump Shot,foul,rebound,13,Low
21800246,530,rebound,4,PT11M01.00S,11:01,Q4 11:01,110,97,1610612759.0,Aldridge,Aldridge REBOUND (Off:1 Def:7),2pt missed,2pt missed,13,Low
21800246,531,2pt,4,PT11M01.00S,11:01,Q4 11:01,110,97,1610612759.0,Aldridge,MISS Aldridge 1' Tip Layup Shot,rebound,rebound,13,Low
21800246,532,rebound,4,PT11M01.00S,11:01,Q4 11:01,110,97,1610612740.0,Davis,Davis REBOUND (Off:2 Def:4),2pt missed,turnover,13,Low
21800246,552,turnover,4,PT11M01.00S,11:01,Q4 11:01,110,97,1610612740.0,Davis,Davis Offensive Goaltending Turnover (P1.T7),rebound,2pt missed,13,Low
21800246,536,2pt,4,PT10M48.00S,10:48,Q4 10:48,110,97,1610612759.0,Gay,MISS Gay 21' Jump Shot,turnover,rebound,13,Low
21800246,537,rebound,4,PT10M45.00S,10:45,Q4 10:45,110,97,1610612740.0,Randle,Randle REBOUND (Off:6 Def:7),2pt missed,2pt made,13,Low
21800246,538,2pt,4,PT10M42.00S,10:42,Q4 10:42,112,97,1610612740.0,Holiday,Holiday 3' Driving Layup (16 PTS),rebound,3pt made,15,Low
21800246,539,3pt,4,PT10M32.00S,10:32,Q4 10:32,112,100,1610612759.0,Forbes,Forbes 24' 3PT Jump Shot (17 PTS),2pt made,2pt made,12,Low
21800246,540,2pt,4,PT10M19.00S,10:19,Q4 10:19,114,100,1610612740.0,Davis,Davis 3' Driving Layup (27 PTS),3pt made,3pt missed,14,Low
21800246,541,3pt,4,PT10M04.00S,10:04,Q4 10:04,114,100,1610612759.0,Belinelli,MISS Belinelli 24' 3PT Jump Shot,2pt made,rebound,14,Low
21800246,542,rebound,4,PT10M01.00S,10:01,Q4 10:01,114,100,1610612759.0,Aldridge,Aldridge REBOUND (Off:2 Def:7),3pt missed,2pt made,14,Low
21800246,543,2pt,4,PT09M59.00S,09:59,Q4 09:59,114,102,1610612759.0,Aldridge,Aldridge 2' Layup (6 PTS),rebound,2pt made,12,Low
21800246,544,2pt,4,PT09M46.00S,09:46,Q4 09:46,116,102,1610612740.0,Holiday,Holiday 1' Driving Reverse Layup (18 PTS),2pt made,foul,14,Low
21800246,545,foul,4,PT09M29.00S,09:29,Q4 09:29,116,102,1610612740.0,Holiday,Holiday S.FOUL (P2.T2) (S.Wright),2pt made,freethrow,14,Low
21800246,547,freethrow,4,PT09M29.00S,09:29,Q4 09:29,116,102,1610612759.0,Aldridge,MISS Aldridge Free Throw 1 of 2,foul,rebound,14,Low
21800246,548,rebound,4,PT09M29.00S,09:29,Q4 09:29,116,102,1610612759.0,,TEAM offensive REBOUND,freethrow,freethrow,14,Low
21800246,549,freethrow,4,PT09M29.00S,09:29,Q4 09:29,116,103,1610612759.0,Aldridge,Aldridge Free Throw 2 of 2 (7 PTS),rebound,3pt missed,13,Low
21800246,550,3pt,4,PT09M19.00S,09:19,Q4 09:19,116,103,1610612740.0,Miller,MISS Miller 26' 3PT Jump Shot,freethrow,rebound,13,Low
21800246,551,rebound,4,PT09M16.00S,09:16,Q4 09:16,116,103,1610612759.0,Aldridge,Aldridge REBOUND (Off:2 Def:8),3pt missed,2pt missed,13,Low
21800246,553,2pt,4,PT08M59.00S,08:59,Q4 08:59,116,103,1610612759.0,Aldridge,MISS Aldridge 3' Layup,rebound,rebound,13,Low
21800246,554,rebound,4,PT08M57.00S,08:57,Q4 08:57,116,103,1610612740.0,Davis,Davis REBOUND (Off:2 Def:5),2pt missed,3pt made,13,Low
21800246,555,3pt,4,PT08M52.00S,08:52,Q4 08:52,119,103,1610612740.0,Holiday,Holiday 3PT Jump Shot (21 PTS) (Davis 3 AST),rebound,timeout,16,Low
21800246,557,timeout,4,PT08M52.00S,08:52,Q4 08:52,119,103,1610612759.0,,Spurs Timeout: Regular (Reg.5 Short 0),3pt made,substitution,16,Low
21800246,558,substitution,4,PT08M52.00S,08:52,Q4 08:52,119,103,1610612740.0,Randle,SUB out: J. Randle,timeout,substitution,16,Low
21800246,559,substitution,4,PT08M52.00S,08:52,Q4 08:52,119,103,1610612759.0,Aldridge,SUB out: L. Aldridge,substitution,substitution,16,Low
21800246,560,substitution,4,PT08M52.00S,08:52,Q4 08:52,119,103,1610612740.0,Mirotic,SUB in: N. Mirotic,substitution,substitution,16,Low
21800246,561,substitution,4,PT08M52.00S,08:52,Q4 08:52,119,103,1610612759.0,Metu,SUB in: C. Metu,substitution,2pt made,16,Low
21800246,562,2pt,4,PT08M38.00S,08:38,Q4 08:38,119,105,1610612759.0,Belinelli,Belinelli 2' Driving Layup (11 PTS),substitution,turnover,14,Low
21800246,563,turnover,4,PT08M21.00S,08:21,Q4 08:21,119,105,1610612740.0,Davis,Davis Offensive Goaltending Turnover (P2.T8),2pt made,2pt missed,14,Low
21800246,564,2pt,4,PT08M07.00S,08:07,Q4 08:07,119,105,1610612759.0,Gay,MISS Gay 4' Hook Shot,turnover,rebound,14,Low
21800246,565,rebound,4,PT08M06.00S,08:06,Q4 08:06,119,105,1610612740.0,Miller,Miller REBOUND (Off:0 Def:1),2pt missed,foul,14,Low
21800246,566,foul,4,PT08M06.00S,08:06,Q4 08:06,119,105,1610612759.0,Gay,Gay P.FOUL (P2.T1) (S.Wright),rebound,2pt missed,14,Low
21800246,568,2pt,4,PT07M56.00S,07:56,Q4 07:56,119,105,1610612740.0,Davis,MISS Davis 2' Driving Layup,foul,rebound,14,Low
21800246,569,rebound,4,PT07M54.00S,07:54,Q4 07:54,119,105,1610612759.0,Belinelli,Belinelli REBOUND (Off:0 Def:1),2pt missed,2pt made,14,Low
21800246,570,2pt,4,PT07M43.00S,07:43,Q4 07:43,119,107,1610612759.0,Forbes,Forbes 1' Driving Layup (19 PTS) (Belinelli 4 AST),rebound,foul,12,Low
21800246,572,foul,4,PT07M40.00S,07:40,Q4 07:40,119,107,1610612759.0,Metu,Metu P.FOUL (P1.T2) (M.Kogut),2pt made,substitution,12,Low
21800246,574,substitution,4,PT07M40.00S,07:40,Q4 07:40,119,107,1610612759.0,Gay,SUB out: R. Gay,foul,substitution,12,Low
21800246,575,substitution,4,PT07M40.00S,07:40,Q4 07:40,119,107,1610612759.0,DeRozan,SUB in: D. DeRozan,substitution,2pt missed,12,Low
21800246,576,2pt,4,PT07M32.00S,07:32,Q4 07:32,119,107,1610612740.0,Mirotic,MISS Mirotic 2' Driving Layup,substitution,rebound,12,Low
21800246,577,rebound,4,PT07M32.00S,07:32,Q4 07:32,119,107,1610612740.0,Mirotic,Mirotic REBOUND (Off:1 Def:4),2pt missed,foul,12,Low
21800246,578,foul,4,PT07M32.00S,07:32,Q4 07:32,119,107,1610612759.0,Cunningham,Cunningham S.FOUL (P2.T3) (S.Wright),rebound,freethrow,12,Low
21800246,580,freethrow,4,PT07M32.00S,07:32,Q4 07:32,120,107,1610612740.0,Mirotic,Mirotic Free Throw 1 of 2 (12 PTS),foul,freethrow,13,Low
21800246,581,freethrow,4,PT07M32.00S,07:32,Q4 07:32,121,107,1610612740.0,Mirotic,Mirotic Free Throw 2 of 2 (13 PTS),freethrow,foul,14,Low
21800246,582,foul,4,PT07M17.00S,07:17,Q4 07:17,121,107,1610612740.0,Jackson,Jackson S.FOUL (P2.T3) (S.Wright),freethrow,freethrow,14,Low
21800246,584,freethrow,4,PT07M17.00S,07:17,Q4 07:17,121,108,1610612759.0,Forbes,Forbes Free Throw 1 of 2 (20 PTS),foul,freethrow,13,Low
21800246,587,freethrow,4,PT07M17.00S,07:17,Q4 07:17,121,108,1610612759.0,Forbes,MISS Forbes Free Throw 2 of 2,freethrow,substitution,13,Low
21800246,585,substitution,4,PT07M17.00S,07:17,Q4 07:17,121,108,1610612740.0,Holiday,SUB out: J. Holiday,freethrow,substitution,13,Low
21800246,586,substitution,4,PT07M17.00S,07:17,Q4 07:17,121,108,1610612740.0,Moore,SUB in: E. Moore,substitution,rebound,13,Low
21800246,588,rebound,4,PT07M15.00S,07:15,Q4 07:15,121,108,1610612740.0,Moore,Moore REBOUND (Off:1 Def:2),substitution,2pt made,13,Low
21800246,589,2pt,4,PT07M05.00S,07:05,Q4 07:05,123,108,1610612740.0,Miller,Miller 2' Cutting Layup Shot (5 PTS) (Davis 4 AST),rebound,2pt missed,15,Low
21800246,591,2pt,4,PT06M55.00S,06:55,Q4 06:55,123,108,1610612759.0,DeRozan,MISS DeRozan 12' Pullup Jump Shot,2pt made,rebound,15,Low
21800246,592,rebound,4,PT06M52.00S,06:52,Q4 06:52,123,108,1610612740.0,Davis,Davis REBOUND (Off:2 Def:6),2pt missed,3pt made,15,Low
21800246,593,3pt,4,PT06M46.00S,06:46,Q4 06:46,126,108,1610612740.0,Jackson,Jackson 26' 3PT Jump Shot (10 PTS),rebound,turnover,18,Low
21800246,594,turnover,4,PT06M25.00S,06:25,Q4 06:25,126,108,1610612759.0,Forbes,Forbes Bad Pass Turnover (P1.T11),3pt made,steal,18,Low
21800246,594,steal,4,PT06M25.00S,06:25,Q4 06:25,126,108,1610612740.0,Davis,Davis STEAL (2 STL),turnover,2pt missed,18,Low
21800246,596,2pt,4,PT06M20.00S,06:20,Q4 06:20,126,108,1610612740.0,Moore,MISS Moore 8' Floating Jump Shot,steal,rebound,18,Low
21800246,597,rebound,4,PT06M20.00S,06:20,Q4 06:20,126,108,1610612740.0,Davis,Davis REBOUND (Off:3 Def:6),2pt missed,2pt made,18,Low
21800246,598,2pt,4,PT06M20.00S,06:20,Q4 06:20,128,108,1610612740.0,Davis,Davis 1' Tip Layup Shot (29 PTS),rebound,timeout,20,Low
21800246,599,timeout,4,PT06M20.00S,06:20,Q4 06:20,128,108,1610612759.0,,Spurs Timeout: Regular (Reg.6 Short 0),2pt made,substitution,20,Low
21800246,600,substitution,4,PT06M20.00S,06:20,Q4 06:20,128,108,1610612759.0,DeRozan,SUB out: D. DeRozan,timeout,substitution,20,Low
21800246,601,substitution,4,PT06M20.00S,06:20,Q4 06:20,128,108,1610612759.0,Forbes,SUB out: B. Forbes,substitution,substitution,20,Low
21800246,602,substitution,4,PT06M20.00S,06:20,Q4 06:20,128,108,1610612759.0,Belinelli,SUB out: M. Belinelli,substitution,substitution,20,Low
21800246,603,substitution,4,PT06M20.00S,06:20,Q4 06:20,128,108,1610612759.0,Cunningham,SUB out: D. Cunningham,substitution,substitution,20,Low
21800246,604,substitution,4,PT06M20.00S,06:20,Q4 06:20,128,108,1610612759.0,Poeltl,SUB in: J. Poeltl,substitution,substitution,20,Low
21800246,605,substitution,4,PT06M20.00S,06:20,Q4 06:20,128,108,1610612759.0,Pondexter,SUB in: Q. Pondexter,substitution,substitution,20,Low
21800246,606,substitution,4,PT06M20.00S,06:20,Q4 06:20,128,108,1610612759.0,White,SUB in: D. White,substitution,substitution,20,Low
21800246,607,substitution,4,PT06M20.00S,06:20,Q4 06:20,128,108,1610612759.0,Eubanks,SUB in: D. Eubanks,substitution,foul,20,Low
21800246,608,foul,4,PT06M12.00S,06:12,Q4 06:12,128,108,1610612740.0,Miller,Miller P.FOUL (P3.T4) (S.Wright),substitution,2pt made,20,Low
21800246,610,2pt,4,PT05M58.00S,05:58,Q4 05:58,128,110,1610612759.0,Metu,Metu 8' Floating Jump Shot (4 PTS) (White 2 AST),foul,timeout,18,Low
21800246,612,timeout,4,PT05M52.00S,05:52,Q4 05:52,128,110,1610612740.0,,PELICANS Timeout: Regular (Full 4 Short 0),2pt made,substitution,18,Low
21800246,613,substitution,4,PT05M52.00S,05:52,Q4 05:52,128,110,1610612740.0,Mirotic,SUB out: N. Mirotic,timeout,substitution,18,Low
21800246,614,substitution,4,PT05M52.00S,05:52,Q4 05:52,128,110,1610612740.0,Davis,SUB out: A. Davis,substitution,substitution,18,Low
21800246,615,substitution,4,PT05M52.00S,05:52,Q4 05:52,128,110,1610612740.0,Diallo,SUB in: C. Diallo,substitution,substitution,18,Low
21800246,616,substitution,4,PT05M52.00S,05:52,Q4 05:52,128,110,1610612740.0,Randle,SUB in: J. Randle,substitution,3pt missed,18,Low
21800246,617,3pt,4,PT05M44.00S,05:44,Q4 05:44,128,110,1610612740.0,Jackson,MISS Jackson 26' 3PT Jump Shot,substitution,rebound,18,Low
21800246,618,rebound,4,PT05M39.00S,05:39,Q4 05:39,128,110,1610612759.0,Poeltl,Poeltl REBOUND (Off:1 Def:1),3pt missed,2pt missed,18,Low
21800246,619,2pt,4,PT05M29.00S,05:29,Q4 05:29,128,110,1610612759.0,White,MISS White 19' Pullup Jump Shot,rebound,rebound,18,Low
21800246,620,rebound,4,PT05M25.00S,05:25,Q4 05:25,128,110,1610612740.0,Randle,Randle REBOUND (Off:6 Def:8),2pt missed,foul,18,Low
21800246,621,foul,4,PT05M20.00S,05:20,Q4 05:20,128,110,1610612759.0,Pondexter,Pondexter P.FOUL (P1.T4) (M.Smith),rebound,2pt made,18,Low
21800246,623,2pt,4,PT05M13.00S,05:13,Q4 05:13,130,110,1610612740.0,Moore,Moore 2' Cutting Layup Shot (24 PTS) (Randle 7 AST),foul,turnover,20,Low
21800246,625,turnover,4,PT04M51.00S,04:51,Q4 04:51,130,110,1610612759.0,White,White Bad Pass Turnover (P1.T12),2pt made,steal,20,Low
21800246,625,steal,4,PT04M51.00S,04:51,Q4 04:51,130,110,1610612740.0,Diallo,Diallo STEAL (1 STL),turnover,turnover,20,Low
21800246,627,turnover,4,PT04M45.00S,04:45,Q4 04:45,130,110,1610612740.0,Jackson,Jackson Bad Pass Turnover (P1.T9),steal,steal,20,Low
21800246,627,steal,4,PT04M45.00S,04:45,Q4 04:45,130,110,1610612759.0,Pondexter,Pondexter STEAL (1 STL),turnover,2pt made,20,Low
21800246,629,2pt,4,PT04M37.00S,04:37,Q4 04:37,130,112,1610612759.0,Metu,Metu 8' Hook Shot (6 PTS),steal,turnover,18,Low
21800246,630,turnover,4,PT04M22.00S,04:22,Q4 04:22,130,112,1610612740.0,Moore,Moore Lost Ball Turnover (P1.T10),2pt made,steal,18,Low
21800246,630,steal,4,PT04M22.00S,04:22,Q4 04:22,130,112,1610612759.0,Poeltl,Poeltl STEAL (1 STL),turnover,2pt made,18,Low
21800246,632,2pt,4,PT04M15.00S,04:15,Q4 04:15,130,114,1610612759.0,Metu,Metu 1' Running Dunk (8 PTS) (White 3 AST),steal,timeout,16,Low
21800246,634,timeout,4,PT04M09.00S,04:09,Q4 04:09,130,114,1610612740.0,,PELICANS Timeout: Regular (Full 5 Short 0),2pt made,substitution,16,Low
21800246,635,substitution,4,PT04M09.00S,04:09,Q4 04:09,130,114,1610612740.0,Moore,SUB out: E. Moore,timeout,substitution,16,Low
21800246,636,substitution,4,PT04M09.00S,04:09,Q4 04:09,130,114,1610612740.0,Clark,SUB in: I. Clark,substitution,2pt made,16,Low
21800246,637,2pt,4,PT04M03.00S,04:03,Q4 04:03,132,114,1610612740.0,Miller,Miller 20' Jump Shot (7 PTS) (Randle 8 AST),substitution,3pt missed,18,Low
21800246,639,3pt,4,PT03M53.00S,03:53,Q4 03:53,132,114,1610612759.0,Metu,MISS Metu 25' 3PT Jump Shot,2pt made,rebound,18,Low
21800246,640,rebound,4,PT03M49.00S,03:49,Q4 03:49,132,114,1610612740.0,Clark,Clark REBOUND (Off:0 Def:2),3pt missed,3pt missed,18,Low
21800246,641,3pt,4,PT03M44.00S,03:44,Q4 03:44,132,114,1610612740.0,Clark,MISS Clark 26' 3PT Jump Shot,rebound,rebound,18,Low
21800246,642,rebound,4,PT03M40.00S,03:40,Q4 03:40,132,114,1610612740.0,Diallo,Diallo REBOUND (Off:1 Def:1),3pt missed,3pt missed,18,Low
21800246,643,3pt,4,PT03M35.00S,03:35,Q4 03:35,132,114,1610612740.0,Miller,MISS Miller 26' 3PT Jump Shot,rebound,rebound,18,Low
21800246,644,rebound,4,PT03M31.00S,03:31,Q4 03:31,132,114,1610612759.0,Pondexter,Pondexter REBOUND (Off:0 Def:1),3pt missed,foul,18,Low
21800246,645,foul,4,PT03M25.00S,03:25,Q4 03:25,132,114,1610612740.0,Jackson,Jackson P.FOUL (P3.PN) (M.Kogut),rebound,freethrow,18,Low
21800246,647,freethrow,4,PT03M25.00S,03:25,Q4 03:25,132,115,1610612759.0,Poeltl,Poeltl Free Throw 1 of 2 (8 PTS),foul,freethrow,17,Low
21800246,648,freethrow,4,PT03M25.00S,03:25,Q4 03:25,132,116,1610612759.0,Poeltl,Poeltl Free Throw 2 of 2 (9 PTS),freethrow,2pt missed,16,Low
21800246,649,2pt,4,PT03M13.00S,03:13,Q4 03:13,132,116,1610612740.0,Jackson,MISS Jackson 23' Pullup Jump Shot,freethrow,rebound,16,Low
21800246,650,rebound,4,PT03M10.00S,03:10,Q4 03:10,132,116,1610612759.0,Pondexter,Pondexter REBOUND (Off:0 Def:2),2pt missed,2pt missed,16,Low
21800246,651,2pt,4,PT02M57.00S,02:57,Q4 02:57,132,116,1610612759.0,Eubanks,MISS Eubanks 4' Turnaround Hook Shot,rebound,rebound,16,Low
21800246,652,rebound,4,PT02M53.00S,02:53,Q4 02:53,132,116,1610612759.0,Poeltl,Poeltl REBOUND (Off:2 Def:1),2pt missed,2pt missed,16,Low
21800246,653,2pt,4,PT02M53.00S,02:53,Q4 02:53,132,116,1610612759.0,Poeltl,MISS Poeltl 1' Tip Layup Shot,rebound,rebound,16,Low
21800246,654,rebound,4,PT02M53.00S,02:53,Q4 02:53,132,116,1610612759.0,Poeltl,Poeltl REBOUND (Off:3 Def:1),2pt missed,3pt missed,16,Low
21800246,655,3pt,4,PT02M49.00S,02:49,Q4 02:49,132,116,1610612759.0,White,MISS White 26' 3PT Jump Shot,rebound,rebound,16,Low
21800246,656,rebound,4,PT02M47.00S,02:47,Q4 02:47,132,116,1610612759.0,Eubanks,Eubanks REBOUND (Off:1 Def:0),3pt missed,turnover,16,Low
21800246,657,turnover,4,PT02M45.00S,02:45,Q4 02:45,132,116,1610612759.0,Eubanks,Eubanks Lost Ball Turnover (P1.T13),rebound,steal,16,Low
21800246,657,steal,4,PT02M45.00S,02:45,Q4 02:45,132,116,1610612740.0,Randle,Randle STEAL (1 STL),turnover,2pt made,16,Low
21800246,659,2pt,4,PT02M40.00S,02:40,Q4 02:40,134,116,1610612740.0,Diallo,Diallo 2' Cutting Layup Shot (2 PTS) (Randle 9 AST),steal,2pt made,18,Low
21800246,661,2pt,4,PT02M26.00S,02:26,Q4 02:26,134,118,1610612759.0,Eubanks,Eubanks 6' Hook Shot (2 PTS) (Metu 1 AST),2pt made,2pt made,16,Low
21800246,662,2pt,4,PT02M08.00S,02:08,Q4 02:08,136,118,1610612740.0,Miller,Miller 20' Pullup Jump Shot (9 PTS) (Randle 10 AST),2pt made,2pt made,18,Low
21800246,664,2pt,4,PT01M46.00S,01:46,Q4 01:46,136,120,1610612759.0,Poeltl,Poeltl 2' Layup (11 PTS) (Metu 2 AST),2pt made,2pt made,16,Low
21800246,666,2pt,4,PT01M34.00S,01:34,Q4 01:34,138,120,1610612740.0,Clark,Clark 10' Floating Jump Shot (4 PTS) (Miller 3 AST),2pt made,2pt made,18,Low
21800246,668,2pt,4,PT01M17.00S,01:17,Q4 01:17,138,122,1610612759.0,Eubanks,Eubanks 6' Hook Shot (4 PTS) (Metu 3 AST),2pt made,2pt made,16,Low
21800246,670,2pt,4,PT01M08.00S,01:08,Q4 01:08,140,122,1610612740.0,Jackson,Jackson 1' Driving Reverse Layup (12 PTS),2pt made,2pt made,18,Low
21800246,671,2pt,4,PT01M00.00S,01:00,Q4 01:00,140,124,1610612759.0,Pondexter,Pondexter 1' Driving Dunk (2 PTS),2pt made,2pt missed,16,Low
21800246,672,2pt,4,PT00M50.80S,00:50,Q4 00:50,140,124,1610612740.0,Clark,MISS Clark 2' Driving Layup,2pt made,rebound,16,Low
21800246,673,rebound,4,PT00M48.60S,00:48,Q4 00:48,140,124,1610612759.0,Metu,Metu REBOUND (Off:1 Def:2),2pt missed,turnover,16,Low
21800246,674,turnover,4,PT00M47.60S,00:47,Q4 00:47,140,124,1610612759.0,Metu,Metu Out of Bounds Lost Ball Turnover (P1.T14),rebound,substitution,16,Low
21800246,675,substitution,4,PT00M47.60S,00:47,Q4 00:47,140,124,1610612740.0,Randle,SUB: Okafor FOR Randle,substitution,3pt missed,16,Low
21800246,677,3pt,4,PT00M37.70S,00:37,Q4 00:37,140,124,1610612740.0,Jackson,MISS Jackson 27' 3PT Pullup Jump Shot,substitution,rebound,16,Low
21800246,678,rebound,4,PT00M32.60S,00:32,Q4 00:32,140,124,1610612759.0,Pondexter,Pondexter REBOUND (Off:0 Def:3),3pt missed,foul,16,Low
21800246,679,foul,4,PT00M29.70S,00:29,Q4 00:29,140,124,1610612740.0,Jackson,Jackson S.FOUL (P4.PN) (M.Kogut),rebound,freethrow,16,Low
21800246,681,freethrow,4,PT00M29.70S,00:29,Q4 00:29,140,125,1610612759.0,Pondexter,Pondexter Free Throw 1 of 2 (3 PTS),foul,freethrow,15,Low
21800246,682,freethrow,4,PT00M29.70S,00:29,Q4 00:29,140,126,1610612759.0,Pondexter,Pondexter Free Throw 2 of 2 (4 PTS),freethrow,turnover,14,Low
21800246,683,turnover,4,PT00M04.90S,00:04,Q4 00:04,140,126,0.0,,PELICANS Turnover: Shot Clock (T#11),freethrow,turnover,14,Low
21800246,684,turnover,4,PT00M01.10S,00:01,Q4 00:01,140,126,1610612759.0,Eubanks,Eubanks Bad Pass Turnover (P2.T15),turnover,steal,14,Low
21800246,684,steal,4,PT00M01.10S,00:01,Q4 00:01,140,126,1610612740.0,Clark,Clark STEAL (1 STL),turnover,period,14,Low
21800246,686,period,4,PT00M00.00S,00:00,Q4 00:00,140,126,1610612740.0,,End of 4th Period (10:22 PM EST),steal,,14,Low
