game_id,actionNumber,actionType,period,clock,clock_display,game_clock,scoreHome,scoreAway,teamId,playerName,description,previous_action,next_action,score_margin,leverage_bucket
22300105,7,3pt,1,PT11M38.00S,11:38,Q1 11:38,0,0,1610612757.0,Grant,MISS J. Grant 3PT,,rebound,0,Medium
22300105,8,rebound,1,PT11M36.00S,11:36,Q1 11:36,0,0,1610612757.0,Ayton,D. Ayton REBOUND (Off:1 Def:0),3pt missed,2pt missed,0,Medium
22300105,9,2pt,1,PT11M35.00S,11:35,Q1 11:35,0,0,1610612757.0,Ayton,MISS D. Ayton putback Layup - blocked,rebound,block,0,Medium
22300105,10,block,1,PT11M35.00S,11:35,Q1 11:35,0,0,1610612761.0,Barnes,S. Barnes BLOCK (1 BLK),2pt missed,rebound,0,Medium
22300105,11,rebound,1,PT11M35.00S,11:35,Q1 11:35,0,0,1610612761.0,Schroder,D. Schroder REBOUND (Off:0 Def:1),block,2pt made,0,Medium
22300105,12,2pt,1,PT11M27.00S,11:27,Q1 11:27,2,0,1610612761.0,Siakam,P. Siakam turnaround Jump Shot (2 PTS),rebound,turnover,2,Medium
22300105,13,turnover,1,PT11M07.00S,11:07,Q1 11:07,2,0,1610612757.0,Sharpe,S. Sharpe lost ball TURNOVER (1 TO),2pt made,steal,2,Medium
22300105,14,steal,1,PT11M07.00S,11:07,Q1 11:07,2,0,1610612761.0,Barnes,S. Barnes STEAL (1 STL),turnover,2pt made,2,Medium
22300105,15,2pt,1,PT11M04.00S,11:04,Q1 11:04,4,0,1610612761.0,Barnes,S. Barnes running DUNK (2 PTS),steal,foul,4,Medium
22300105,16,foul,1,PT11M00.00S,11:00,Q1 11:00,4,0,1610612761.0,Schroder,D. Schroder personal FOUL (1 PF),2pt made,2pt made,4,Medium
22300105,18,2pt,1,PT10M52.00S,10:52,Q1 10:52,4,2,1610612757.0,Henderson,S. Henderson 17' pullup Jump Shot (2 PTS),foul,2pt made,2,Medium
22300105,20,2pt,1,PT10M44.00S,10:44,Q1 10:44,6,2,1610612761.0,Anunoby,O. Anunoby 13' Jump Shot (2 PTS) (D. Schroder 1 AST),2pt made,2pt missed,4,Medium
22300105,22,2pt,1,PT10M26.00S,10:26,Q1 10:26,6,2,1610612757.0,Henderson,MISS S. Henderson driving finger roll Layup - blocked,2pt made,block,4,Medium
22300105,23,block,1,PT10M26.00S,10:26,Q1 10:26,6,2,1610612761.0,Poeltl,J. Poeltl BLOCK (1 BLK),2pt missed,rebound,4,Medium
22300105,24,rebound,1,PT10M24.00S,10:24,Q1 10:24,6,2,1610612761.0,Barnes,S. Barnes REBOUND (Off:0 Def:1),block,2pt made,4,Medium
22300105,25,2pt,1,PT10M22.00S,10:22,Q1 10:22,8,2,1610612761.0,Siakam,P. Siakam running DUNK (4 PTS) (D. Schroder 2 AST),rebound,2pt made,6,Medium
22300105,27,2pt,1,PT10M04.00S,10:04,Q1 10:04,8,4,1610612757.0,Grant,J. Grant driving Hook (2 PTS),2pt made,2pt missed,4,Medium
22300105,28,2pt,1,PT09M41.00S,09:41,Q1 09:41,8,4,1610612761.0,Barnes,MISS S. Barnes 15' turnaround fadeaway Shot,2pt made,rebound,4,Medium
22300105,29,rebound,1,PT09M37.00S,09:37,Q1 09:37,8,4,1610612757.0,Ayton,D. Ayton REBOUND (Off:1 Def:1),2pt missed,3pt made,4,Medium
22300105,30,3pt,1,PT09M30.00S,09:30,Q1 09:30,8,7,1610612757.0,Sharpe,S. Sharpe 24' 3PT step back (3 PTS),rebound,3pt missed,1,Medium
22300105,31,3pt,1,PT09M06.00S,09:06,Q1 09:06,8,7,1610612761.0,Siakam,MISS P. Siakam 29' 3PT,3pt made,rebound,1,Medium
22300105,32,rebound,1,PT09M03.00S,09:03,Q1 09:03,8,7,1610612761.0,Poeltl,J. Poeltl REBOUND (Off:1 Def:0),3pt missed,3pt missed,1,Medium
22300105,33,3pt,1,PT09M01.00S,09:01,Q1 09:01,8,7,1610612761.0,Schroder,MISS D. Schroder 25' 3PT,rebound,rebound,1,Medium
22300105,34,rebound,1,PT08M59.00S,08:59,Q1 08:59,8,7,1610612761.0,Poeltl,J. Poeltl REBOUND (Off:2 Def:0),3pt missed,3pt missed,1,Medium
22300105,35,3pt,1,PT08M57.00S,08:57,Q1 08:57,8,7,1610612761.0,Anunoby,MISS O. Anunoby 27' 3PT,rebound,rebound,1,Medium
22300105,36,rebound,1,PT08M53.00S,08:53,Q1 08:53,8,7,1610612757.0,Henderson,S. Henderson REBOUND (Off:0 Def:1),3pt missed,3pt missed,1,Medium
22300105,37,3pt,1,PT08M45.00S,08:45,Q1 08:45,8,7,1610612757.0,Henderson,MISS S. Henderson 25' pullup 3PT,rebound,rebound,1,Medium
22300105,38,rebound,1,PT08M42.00S,08:42,Q1 08:42,8,7,1610612761.0,Poeltl,J. Poeltl REBOUND (Off:2 Def:1),3pt missed,2pt made,1,Medium
22300105,39,2pt,1,PT08M36.00S,08:36,Q1 08:36,10,7,1610612761.0,Siakam,P. Siakam running Layup (6 PTS) (S. Barnes 1 AST),rebound,2pt missed,3,Medium
22300105,41,2pt,1,PT08M09.00S,08:09,Q1 08:09,10,7,1610612757.0,Grant,MISS J. Grant 7' driving Layup,2pt made,rebound,3,Medium
22300105,42,rebound,1,PT08M07.00S,08:07,Q1 08:07,10,7,1610612761.0,Anunoby,O. Anunoby REBOUND (Off:0 Def:1),2pt missed,2pt made,3,Medium
22300105,44,2pt,1,PT07M56.00S,07:56,Q1 07:56,12,7,1610612761.0,Poeltl,J. Poeltl cutting Layup (2 PTS) (D. Schroder 3 AST),rebound,timeout,5,Medium
22300105,46,timeout,1,PT07M56.00S,07:56,Q1 07:56,12,7,1610612757.0,,POR Timeout,2pt made,turnover,5,Medium
22300105,47,turnover,1,PT07M31.00S,07:31,Q1 07:31,12,7,1610612757.0,Grant,J. Grant bad pass TURNOVER (1 TO),timeout,steal,5,Medium
22300105,48,steal,1,PT07M31.00S,07:31,Q1 07:31,12,7,1610612761.0,Siakam,P. Siakam STEAL (1 STL),turnover,turnover,5,Medium
22300105,49,turnover,1,PT07M22.00S,07:22,Q1 07:22,12,7,1610612761.0,Barnes,S. Barnes bad pass TURNOVER (1 TO),steal,steal,5,Medium
22300105,50,steal,1,PT07M22.00S,07:22,Q1 07:22,12,7,1610612757.0,Ayton,D. Ayton STEAL (1 STL),turnover,turnover,5,Medium
22300105,51,turnover,1,PT07M09.00S,07:09,Q1 07:09,12,7,1610612757.0,Sharpe,S. Sharpe bad pass TURNOVER (2 TO),steal,steal,5,Medium
22300105,52,steal,1,PT07M09.00S,07:09,Q1 07:09,12,7,1610612761.0,Anunoby,O. Anunoby STEAL (1 STL),turnover,2pt missed,5,Medium
22300105,53,2pt,1,PT07M00.00S,07:00,Q1 07:00,12,7,1610612761.0,Siakam,MISS P. Siakam driving finger roll Layup,steal,rebound,5,Medium
22300105,54,rebound,1,PT06M59.00S,06:59,Q1 06:59,12,7,1610612757.0,Ayton,D. Ayton REBOUND (Off:1 Def:2),2pt missed,3pt made,5,Medium
22300105,55,3pt,1,PT06M54.00S,06:54,Q1 06:54,12,10,1610612757.0,Thybulle,M. Thybulle 26' 3PT running (3 PTS) (S. Henderson 1 AST),rebound,2pt missed,2,Medium
22300105,57,2pt,1,PT06M28.00S,06:28,Q1 06:28,12,10,1610612761.0,Schroder,MISS D. Schroder 7' driving floating Shot,3pt made,rebound,2,Medium
22300105,58,rebound,1,PT06M27.00S,06:27,Q1 06:27,12,10,1610612761.0,Poeltl,J. Poeltl REBOUND (Off:3 Def:1),2pt missed,3pt missed,2,Medium
22300105,59,3pt,1,PT06M25.00S,06:25,Q1 06:25,12,10,1610612761.0,Siakam,MISS P. Siakam 25' 3PT,rebound,rebound,2,Medium
22300105,60,rebound,1,PT06M25.00S,06:25,Q1 06:25,12,10,1610612757.0,,TEAM defensive REBOUND,3pt missed,substitution,2,Medium
22300105,62,substitution,1,PT06M23.00S,06:23,Q1 06:23,12,10,1610612757.0,Thybulle,SUB out: M. Thybulle,rebound,substitution,2,Medium
22300105,63,substitution,1,PT06M23.00S,06:23,Q1 06:23,12,10,1610612757.0,Sharpe,SUB out: S. Sharpe,substitution,substitution,2,Medium
22300105,64,substitution,1,PT06M23.00S,06:23,Q1 06:23,12,10,1610612757.0,Brogdon,SUB in: M. Brogdon,substitution,substitution,2,Medium
22300105,65,substitution,1,PT06M23.00S,06:23,Q1 06:23,12,10,1610612757.0,Camara,SUB in: T. Camara,substitution,3pt missed,2,Medium
22300105,66,3pt,1,PT06M08.00S,06:08,Q1 06:08,12,10,1610612757.0,Grant,MISS J. Grant 25' 3PT,substitution,rebound,2,Medium
22300105,67,rebound,1,PT06M05.00S,06:05,Q1 06:05,12,10,1610612761.0,Poeltl,J. Poeltl REBOUND (Off:3 Def:2),3pt missed,2pt made,2,Medium
22300105,68,2pt,1,PT05M50.00S,05:50,Q1 05:50,14,10,1610612761.0,Poeltl,J. Poeltl 6' driving Hook (4 PTS) (O. Anunoby 1 AST),rebound,turnover,4,Medium
22300105,70,turnover,1,PT05M30.00S,05:30,Q1 05:30,14,10,1610612757.0,Brogdon,M. Brogdon lost ball TURNOVER (1 TO),2pt made,steal,4,Medium
22300105,71,steal,1,PT05M30.00S,05:30,Q1 05:30,14,10,1610612761.0,Anunoby,O. Anunoby STEAL (2 STL),turnover,foul,4,Medium
22300105,72,foul,1,PT05M28.00S,05:28,Q1 05:28,14,10,1610612757.0,Henderson,S. Henderson personal FOUL (1 PF),steal,substitution,4,Medium
22300105,74,substitution,1,PT05M28.00S,05:28,Q1 05:28,14,10,1610612761.0,Anunoby,SUB out: O. Anunoby,foul,substitution,4,Medium
22300105,75,substitution,1,PT05M28.00S,05:28,Q1 05:28,14,10,1610612761.0,Barnes,SUB out: S. Barnes,substitution,substitution,4,Medium
22300105,76,substitution,1,PT05M28.00S,05:28,Q1 05:28,14,10,1610612761.0,Dick,SUB in: G. Dick,substitution,substitution,4,Medium
22300105,77,substitution,1,PT05M28.00S,05:28,Q1 05:28,14,10,1610612761.0,Trent Jr.,SUB in: G. Trent Jr.,substitution,3pt made,4,Medium
22300105,78,3pt,1,PT05M19.00S,05:19,Q1 05:19,17,10,1610612761.0,Schroder,D. Schroder 25' 3PT  (3 PTS) (G. Trent Jr. 1 AST),substitution,3pt made,7,Medium
22300105,80,3pt,1,PT05M03.00S,05:03,Q1 05:03,17,13,1610612757.0,Grant,J. Grant 25' 3PT  (5 PTS) (M. Brogdon 1 AST),3pt made,2pt missed,4,Medium
22300105,82,2pt,1,PT04M42.00S,04:42,Q1 04:42,17,13,1610612761.0,Trent Jr.,MISS G. Trent Jr. 12' driving floating Shot,3pt made,rebound,4,Medium
22300105,83,rebound,1,PT04M39.00S,04:39,Q1 04:39,17,13,1610612757.0,Ayton,D. Ayton REBOUND (Off:1 Def:3),2pt missed,substitution,4,Medium
22300105,85,substitution,1,PT04M29.00S,04:29,Q1 04:29,17,13,1610612761.0,Schroder,SUB out: D. Schroder,rebound,substitution,4,Medium
22300105,86,substitution,1,PT04M29.00S,04:29,Q1 04:29,17,13,1610612761.0,Flynn,SUB in: M. Flynn,substitution,3pt made,4,Medium
22300105,88,3pt,1,PT04M16.00S,04:16,Q1 04:16,17,16,1610612757.0,Brogdon,M. Brogdon 28' 3PT  (3 PTS),substitution,timeout,1,Medium
22300105,89,timeout,1,PT04M02.00S,04:02,Q1 04:02,17,16,1610612761.0,,TOR Timeout,3pt made,substitution,1,Medium
22300105,90,substitution,1,PT04M02.00S,04:02,Q1 04:02,17,16,1610612761.0,Poeltl,SUB out: J. Poeltl,timeout,substitution,1,Medium
22300105,91,substitution,1,PT04M02.00S,04:02,Q1 04:02,17,16,1610612761.0,Boucher,SUB in: C. Boucher,substitution,3pt missed,1,Medium
22300105,92,3pt,1,PT03M58.00S,03:58,Q1 03:58,17,16,1610612761.0,Siakam,MISS P. Siakam 25' 3PT,substitution,rebound,1,Medium
22300105,93,rebound,1,PT03M57.00S,03:57,Q1 03:57,17,16,1610612757.0,,TEAM defensive REBOUND,3pt missed,3pt missed,1,Medium
22300105,95,3pt,1,PT03M43.00S,03:43,Q1 03:43,17,16,1610612757.0,Camara,MISS T. Camara 3PT,rebound,rebound,1,Medium
22300105,96,rebound,1,PT03M40.00S,03:40,Q1 03:40,17,16,1610612757.0,Ayton,D. Ayton REBOUND (Off:2 Def:3),3pt missed,3pt missed,1,Medium
22300105,97,3pt,1,PT03M36.00S,03:36,Q1 03:36,17,16,1610612757.0,Camara,MISS T. Camara 25' 3PT,rebound,rebound,1,Medium
22300105,98,rebound,1,PT03M34.00S,03:34,Q1 03:34,17,16,1610612757.0,Ayton,D. Ayton REBOUND (Off:3 Def:3),3pt missed,turnover,1,Medium
22300105,99,turnover,1,PT03M31.00S,03:31,Q1 03:31,17,16,1610612757.0,Ayton,D. Ayton lost ball TURNOVER (1 TO),rebound,steal,1,Medium
22300105,100,steal,1,PT03M31.00S,03:31,Q1 03:31,17,16,1610612761.0,Flynn,M. Flynn STEAL (1 STL),turnover,turnover,1,Medium
22300105,101,turnover,1,PT03M26.00S,03:26,Q1 03:26,17,16,1610612761.0,Boucher,C. Boucher bad pass out-of-bounds TURNOVER (1 TO),steal,foul,1,Medium
22300105,102,foul,1,PT03M20.00S,03:20,Q1 03:20,17,16,1610612761.0,Trent Jr.,G. Trent Jr. personal FOUL (1 PF),turnover,substitution,1,Medium
22300105,104,substitution,1,PT03M20.00S,03:20,Q1 03:20,17,16,1610612761.0,Siakam,SUB out: P. Siakam,foul,substitution,1,Medium
22300105,105,substitution,1,PT03M20.00S,03:20,Q1 03:20,17,16,1610612757.0,Ayton,SUB out: D. Ayton,substitution,substitution,1,Medium
22300105,106,substitution,1,PT03M20.00S,03:20,Q1 03:20,17,16,1610612761.0,Barnes,SUB in: S. Barnes,substitution,substitution,1,Medium
22300105,107,substitution,1,PT03M20.00S,03:20,Q1 03:20,17,16,1610612757.0,Walker,SUB in: J. Walker,substitution,2pt missed,1,Medium
22300105,108,2pt,1,PT03M13.00S,03:13,Q1 03:13,17,16,1610612757.0,Grant,MISS J. Grant driving Hook,substitution,rebound,1,Medium
22300105,109,rebound,1,PT03M10.00S,03:10,Q1 03:10,17,16,1610612761.0,Barnes,S. Barnes REBOUND (Off:0 Def:2),2pt missed,3pt missed,1,Medium
22300105,110,3pt,1,PT02M57.00S,02:57,Q1 02:57,17,16,1610612761.0,Dick,MISS G. Dick 24' 3PT,rebound,rebound,1,Medium
22300105,111,rebound,1,PT02M54.00S,02:54,Q1 02:54,17,16,1610612757.0,Camara,T. Camara REBOUND (Off:0 Def:1),3pt missed,foul,1,Medium
22300105,112,foul,1,PT02M47.00S,02:47,Q1 02:47,17,16,1610612757.0,Walker,J. Walker off-the-ball offensive FOUL (1 PF),rebound,turnover,1,Medium
22300105,114,turnover,1,PT02M47.00S,02:47,Q1 02:47,17,16,1610612757.0,Walker,J. Walker offensive foul TURNOVER (1 TO),foul,substitution,1,Medium
22300105,115,substitution,1,PT02M47.00S,02:47,Q1 02:47,17,16,1610612757.0,Grant,SUB out: J. Grant,turnover,substitution,1,Medium
22300105,116,substitution,1,PT02M47.00S,02:47,Q1 02:47,17,16,1610612757.0,Mays,SUB in: S. Mays,substitution,substitution,1,Medium
22300105,123,substitution,1,PT02M47.00S,02:47,Q1 02:47,17,16,1610612757.0,Henderson,SUB out: S. Henderson,substitution,substitution,1,Medium
22300105,124,substitution,1,PT02M47.00S,02:47,Q1 02:47,17,16,1610612757.0,Sharpe,SUB in: S. Sharpe,substitution,2pt made,1,Medium
22300105,117,2pt,1,PT02M29.00S,02:29,Q1 02:29,19,16,1610612761.0,Barnes,S. Barnes 11' Jump Shot (4 PTS),substitution,2pt missed,3,Medium
22300105,118,2pt,1,PT02M13.00S,02:13,Q1 02:13,19,16,1610612757.0,Brogdon,MISS M. Brogdon 18' pullup Shot,2pt made,rebound,3,Medium
22300105,119,rebound,1,PT02M10.00S,02:10,Q1 02:10,19,16,1610612761.0,Barnes,S. Barnes REBOUND (Off:0 Def:3),2pt missed,2pt made,3,Medium
22300105,120,2pt,1,PT02M08.00S,02:08,Q1 02:08,21,16,1610612761.0,Trent Jr.,G. Trent Jr. running Layup (2 PTS),rebound,foul,5,Medium
22300105,121,foul,1,PT02M08.00S,02:08,Q1 02:08,21,16,1610612757.0,Brogdon,M. Brogdon shooting personal FOUL (1 PF) (Trent Jr. 1 FT),2pt made,freethrow,5,Medium
22300105,125,freethrow,1,PT02M08.00S,02:08,Q1 02:08,21,16,1610612761.0,Trent Jr.,MISS G. Trent Jr. Free Throw 1 of 1,foul,rebound,5,Medium
22300105,126,rebound,1,PT02M05.00S,02:05,Q1 02:05,21,16,1610612757.0,Sharpe,S. Sharpe REBOUND (Off:0 Def:1),freethrow,turnover,5,Medium
22300105,127,turnover,1,PT01M59.00S,01:59,Q1 01:59,21,16,1610612757.0,Sharpe,S. Sharpe bad pass TURNOVER (3 TO),rebound,steal,5,Medium
22300105,128,steal,1,PT01M59.00S,01:59,Q1 01:59,21,16,1610612761.0,Trent Jr.,G. Trent Jr. STEAL (1 STL),turnover,2pt missed,5,Medium
22300105,129,2pt,1,PT01M54.00S,01:54,Q1 01:54,21,16,1610612761.0,Trent Jr.,MISS G. Trent Jr. running Layup,steal,rebound,5,Medium
22300105,130,rebound,1,PT01M52.00S,01:52,Q1 01:52,21,16,1610612761.0,Boucher,C. Boucher REBOUND (Off:1 Def:0),2pt missed,2pt made,5,Medium
22300105,131,2pt,1,PT01M52.00S,01:52,Q1 01:52,23,16,1610612761.0,Boucher,C. Boucher tip Layup (2 PTS),rebound,2pt made,7,Medium
22300105,132,2pt,1,PT01M44.00S,01:44,Q1 01:44,23,18,1610612757.0,Mays,S. Mays 6' driving Layup (2 PTS),2pt made,2pt missed,5,Medium
22300105,133,2pt,1,PT01M20.00S,01:20,Q1 01:20,23,18,1610612761.0,Boucher,MISS C. Boucher 18' step back Shot - blocked,2pt made,block,5,Medium
22300105,134,block,1,PT01M20.00S,01:20,Q1 01:20,23,18,1610612757.0,Sharpe,S. Sharpe BLOCK (1 BLK),2pt missed,rebound,5,Medium
22300105,135,rebound,1,PT01M19.00S,01:19,Q1 01:19,23,18,1610612761.0,,TEAM offensive REBOUND,block,turnover,5,Medium
22300105,137,turnover,1,PT01M19.00S,01:19,Q1 01:19,23,18,1610612761.0,,TOR shot clock Team TURNOVER,rebound,3pt made,5,Medium
22300105,138,3pt,1,PT01M00.00S,01:00,Q1 01:00,23,21,1610612757.0,Sharpe,S. Sharpe 25' 3PT pullup (6 PTS) (M. Brogdon 2 AST),turnover,2pt missed,2,Medium
22300105,141,2pt,1,PT00M40.60S,00:40,Q1 00:40,23,21,1610612761.0,Barnes,MISS S. Barnes 10' turnaround fadeaway Shot,3pt made,rebound,2,Medium
22300105,142,rebound,1,PT00M38.50S,00:38,Q1 00:38,23,21,1610612757.0,Brogdon,M. Brogdon REBOUND (Off:0 Def:1),2pt missed,2pt missed,2,Medium
22300105,143,2pt,1,PT00M32.10S,00:32,Q1 00:32,23,21,1610612757.0,Brogdon,MISS M. Brogdon 12' pullup Shot - blocked,rebound,block,2,Medium
22300105,144,block,1,PT00M32.10S,00:32,Q1 00:32,23,21,1610612761.0,Boucher,C. Boucher BLOCK (1 BLK),2pt missed,rebound,2,Medium
22300105,145,rebound,1,PT00M29.00S,00:29,Q1 00:29,23,21,1610612761.0,Flynn,M. Flynn REBOUND (Off:0 Def:1),block,2pt made,2,Medium
22300105,146,2pt,1,PT00M19.80S,00:19,Q1 00:19,25,21,1610612761.0,Flynn,M. Flynn driving finger roll Layup (2 PTS),rebound,3pt missed,4,Medium
22300105,147,3pt,1,PT00M02.30S,00:02,Q1 00:02,25,21,1610612757.0,Sharpe,MISS S. Sharpe 25' step back 3PT,2pt made,rebound,4,Medium
22300105,148,rebound,1,PT00M02.30S,00:02,Q1 00:02,25,21,1610612761.0,Boucher,C. Boucher REBOUND (Off:1 Def:1),3pt missed,substitution,4,Medium
22300105,150,substitution,2,PT12M00.00S,12:00,Q2 12:00,25,21,1610612761.0,Dick,SUB out: G. Dick,rebound,substitution,4,Medium
22300105,151,substitution,2,PT12M00.00S,12:00,Q2 12:00,25,21,1610612761.0,Trent Jr.,SUB out: G. Trent Jr.,substitution,substitution,4,Medium
22300105,152,substitution,2,PT12M00.00S,12:00,Q2 12:00,25,21,1610612761.0,McDaniels,SUB in: J. McDaniels,substitution,substitution,4,Medium
22300105,153,substitution,2,PT12M00.00S,12:00,Q2 12:00,25,21,1610612761.0,Anunoby,SUB in: O. Anunoby,substitution,turnover,4,Medium
22300105,155,turnover,2,PT11M48.00S,11:48,Q2 11:48,25,21,1610612761.0,Flynn,M. Flynn bad pass out-of-bounds TURNOVER (1 TO),substitution,2pt missed,4,Medium
22300105,156,2pt,2,PT11M32.00S,11:32,Q2 11:32,25,21,1610612757.0,Brogdon,MISS M. Brogdon 11' driving floating Shot,turnover,rebound,4,Medium
22300105,157,rebound,2,PT11M30.00S,11:30,Q2 11:30,25,21,1610612757.0,Brogdon,M. Brogdon REBOUND (Off:1 Def:1),2pt missed,2pt made,4,Medium
22300105,158,2pt,2,PT11M28.00S,11:28,Q2 11:28,25,23,1610612757.0,Brogdon,M. Brogdon putback Layup (5 PTS),rebound,3pt missed,2,Medium
22300105,159,3pt,2,PT11M09.00S,11:09,Q2 11:09,25,23,1610612761.0,Anunoby,MISS O. Anunoby 27' 3PT,2pt made,rebound,2,Medium
22300105,160,rebound,2,PT11M06.00S,11:06,Q2 11:06,25,23,1610612757.0,Walker,J. Walker REBOUND (Off:0 Def:1),3pt missed,3pt missed,2,Medium
22300105,161,3pt,2,PT10M59.00S,10:59,Q2 10:59,25,23,1610612757.0,Mays,MISS S. Mays 24' 3PT,rebound,rebound,2,Medium
22300105,162,rebound,2,PT10M57.00S,10:57,Q2 10:57,25,23,1610612757.0,Camara,T. Camara REBOUND (Off:1 Def:1),3pt missed,2pt made,2,Medium
22300105,163,2pt,2,PT10M57.00S,10:57,Q2 10:57,25,25,1610612757.0,Camara,T. Camara putback Layup (2 PTS),rebound,foul,0,Medium
22300105,164,foul,2,PT10M57.00S,10:57,Q2 10:57,25,25,1610612761.0,McDaniels,J. McDaniels shooting personal FOUL (1 PF) (Camara 1 FT),2pt made,freethrow,0,Medium
22300105,166,freethrow,2,PT10M57.00S,10:57,Q2 10:57,25,25,1610612757.0,Camara,MISS T. Camara Free Throw 1 of 1,foul,rebound,0,Medium
22300105,167,rebound,2,PT10M55.00S,10:55,Q2 10:55,25,25,1610612761.0,Boucher,C. Boucher REBOUND (Off:1 Def:2),freethrow,turnover,0,Medium
22300105,168,turnover,2,PT10M33.00S,10:33,Q2 10:33,25,25,1610612761.0,Anunoby,O. Anunoby lost ball TURNOVER (1 TO),rebound,steal,0,Medium
22300105,169,steal,2,PT10M33.00S,10:33,Q2 10:33,25,25,1610612757.0,Sharpe,S. Sharpe STEAL (1 STL),turnover,2pt made,0,Medium
22300105,170,2pt,2,PT10M29.00S,10:29,Q2 10:29,25,27,1610612757.0,Sharpe,S. Sharpe running DUNK (8 PTS) (S. Mays 1 AST),steal,turnover,2,Medium
22300105,172,turnover,2,PT10M24.00S,10:24,Q2 10:24,25,27,1610612761.0,Anunoby,O. Anunoby bad pass TURNOVER (2 TO),2pt made,steal,2,Medium
22300105,173,steal,2,PT10M24.00S,10:24,Q2 10:24,25,27,1610612757.0,Mays,S. Mays STEAL (1 STL),turnover,3pt missed,2,Medium
22300105,174,3pt,2,PT10M08.00S,10:08,Q2 10:08,25,27,1610612757.0,Brogdon,MISS M. Brogdon 3PT,steal,rebound,2,Medium
22300105,175,rebound,2,PT10M07.00S,10:07,Q2 10:07,25,27,1610612757.0,,TEAM offensive REBOUND,3pt missed,timeout,2,Medium
22300105,177,timeout,2,PT10M07.00S,10:07,Q2 10:07,25,27,1610612761.0,,TOR Timeout,rebound,3pt made,2,Medium
22300105,179,3pt,2,PT09M58.00S,09:58,Q2 09:58,25,30,1610612757.0,Mays,S. Mays 24' 3PT  (5 PTS) (M. Brogdon 3 AST),timeout,foul,5,Medium
22300105,181,foul,2,PT09M34.00S,09:34,Q2 09:34,25,30,1610612757.0,Camara,T. Camara shooting personal FOUL (1 PF) (Boucher 2 FT),3pt made,freethrow,5,Medium
22300105,183,freethrow,2,PT09M34.00S,09:34,Q2 09:34,26,30,1610612761.0,Boucher,C. Boucher Free Throw 1 of 2 (3 PTS),foul,freethrow,4,Medium
22300105,184,freethrow,2,PT09M34.00S,09:34,Q2 09:34,27,30,1610612761.0,Boucher,C. Boucher Free Throw 2 of 2 (4 PTS),freethrow,2pt missed,3,Medium
22300105,185,2pt,2,PT09M11.00S,09:11,Q2 09:11,27,30,1610612757.0,Camara,MISS T. Camara 13' pullup Shot - blocked,freethrow,block,3,Medium
22300105,186,block,2,PT09M11.00S,09:11,Q2 09:11,27,30,1610612761.0,Anunoby,O. Anunoby BLOCK (1 BLK),2pt missed,rebound,3,Medium
22300105,187,rebound,2,PT09M10.00S,09:10,Q2 09:10,27,30,1610612757.0,,TEAM offensive REBOUND,block,turnover,3,Medium
22300105,188,turnover,2,PT09M10.00S,09:10,Q2 09:10,27,30,1610612757.0,,POR shot clock Team TURNOVER,rebound,substitution,3,Medium
22300105,189,substitution,2,PT09M10.00S,09:10,Q2 09:10,27,30,1610612761.0,Flynn,SUB out: M. Flynn,turnover,substitution,3,Medium
22300105,190,substitution,2,PT09M10.00S,09:10,Q2 09:10,27,30,1610612761.0,Trent Jr.,SUB in: G. Trent Jr.,substitution,turnover,3,Medium
22300105,191,turnover,2,PT09M03.00S,09:03,Q2 09:03,27,30,1610612761.0,Barnes,S. Barnes bad pass out-of-bounds TURNOVER (2 TO),substitution,2pt missed,3,Medium
22300105,192,2pt,2,PT08M55.00S,08:55,Q2 08:55,27,30,1610612757.0,Brogdon,MISS M. Brogdon 9' fadeaway Shot,turnover,rebound,3,Medium
22300105,193,rebound,2,PT08M51.00S,08:51,Q2 08:51,27,30,1610612761.0,Trent Jr.,G. Trent Jr. REBOUND (Off:0 Def:1),2pt missed,3pt made,3,Medium
22300105,194,3pt,2,PT08M46.00S,08:46,Q2 08:46,30,30,1610612761.0,Anunoby,O. Anunoby 25' 3PT running (5 PTS) (J. McDaniels 1 AST),rebound,2pt missed,0,Medium
22300105,196,2pt,2,PT08M20.00S,08:20,Q2 08:20,30,30,1610612757.0,Walker,MISS J. Walker bank Hook,3pt made,rebound,0,Medium
22300105,197,rebound,2,PT08M17.00S,08:17,Q2 08:17,30,30,1610612757.0,Sharpe,S. Sharpe REBOUND (Off:1 Def:1),2pt missed,3pt made,0,Medium
22300105,198,3pt,2,PT08M15.00S,08:15,Q2 08:15,30,33,1610612757.0,Brogdon,M. Brogdon 25' 3PT  (8 PTS) (S. Sharpe 1 AST),rebound,foul,3,Medium
22300105,200,foul,2,PT08M01.00S,08:01,Q2 08:01,30,33,1610612757.0,Sharpe,S. Sharpe personal FOUL (1 PF),3pt made,substitution,3,Medium
22300105,202,substitution,2,PT08M01.00S,08:01,Q2 08:01,30,33,1610612761.0,Anunoby,SUB out: O. Anunoby,foul,substitution,3,Medium
22300105,203,substitution,2,PT08M01.00S,08:01,Q2 08:01,30,33,1610612761.0,Barnes,SUB out: S. Barnes,substitution,substitution,3,Medium
22300105,204,substitution,2,PT08M01.00S,08:01,Q2 08:01,30,33,1610612761.0,Schroder,SUB in: D. Schroder,substitution,substitution,3,Medium
22300105,205,substitution,2,PT08M01.00S,08:01,Q2 08:01,30,33,1610612761.0,Siakam,SUB in: P. Siakam,substitution,substitution,3,Medium
22300105,206,substitution,2,PT08M01.00S,08:01,Q2 08:01,30,33,1610612757.0,Mays,SUB out: S. Mays,substitution,substitution,3,Medium
22300105,207,substitution,2,PT08M01.00S,08:01,Q2 08:01,30,33,1610612757.0,Henderson,SUB in: S. Henderson,substitution,2pt made,3,Medium
22300105,208,2pt,2,PT07M46.00S,07:46,Q2 07:46,32,33,1610612761.0,Schroder,D. Schroder driving Layup (5 PTS),substitution,foul,1,Medium
22300105,209,foul,2,PT07M46.00S,07:46,Q2 07:46,32,33,1610612757.0,Walker,J. Walker shooting personal FOUL (2 PF) (Schroder 1 FT),2pt made,freethrow,1,Medium
22300105,215,freethrow,2,PT07M46.00S,07:46,Q2 07:46,33,33,1610612761.0,Schroder,D. Schroder Free Throw 1 of 1 (6 PTS),foul,substitution,0,Medium
22300105,211,substitution,2,PT07M46.00S,07:46,Q2 07:46,32,33,1610612757.0,Brogdon,SUB out: M. Brogdon,freethrow,substitution,1,Medium
22300105,212,substitution,2,PT07M46.00S,07:46,Q2 07:46,32,33,1610612757.0,Walker,SUB out: J. Walker,substitution,substitution,1,Medium
22300105,213,substitution,2,PT07M46.00S,07:46,Q2 07:46,32,33,1610612757.0,Ayton,SUB in: D. Ayton,substitution,substitution,1,Medium
22300105,214,substitution,2,PT07M46.00S,07:46,Q2 07:46,32,33,1610612757.0,Grant,SUB in: J. Grant,substitution,foul,1,Medium
22300105,216,foul,2,PT07M36.00S,07:36,Q2 07:36,33,33,1610612761.0,Trent Jr.,G. Trent Jr. personal FOUL (2 PF),substitution,3pt missed,0,Medium
22300105,218,3pt,2,PT07M26.00S,07:26,Q2 07:26,33,33,1610612757.0,Henderson,MISS S. Henderson 24' pullup 3PT,foul,rebound,0,Medium
22300105,219,rebound,2,PT07M24.00S,07:24,Q2 07:24,33,33,1610612761.0,Siakam,P. Siakam REBOUND (Off:0 Def:1),3pt missed,2pt made,0,Medium
22300105,220,2pt,2,PT07M15.00S,07:15,Q2 07:15,35,33,1610612761.0,Siakam,P. Siakam 19' step back Jump Shot (8 PTS),rebound,2pt made,2,Medium
22300105,221,2pt,2,PT07M05.00S,07:05,Q2 07:05,35,35,1610612757.0,Henderson,S. Henderson driving finger roll Layup (4 PTS),2pt made,3pt missed,0,Medium
22300105,222,3pt,2,PT06M45.00S,06:45,Q2 06:45,35,35,1610612761.0,McDaniels,MISS J. McDaniels bank 3PT,2pt made,rebound,0,Medium
22300105,223,rebound,2,PT06M42.00S,06:42,Q2 06:42,35,35,1610612757.0,Camara,T. Camara REBOUND (Off:1 Def:2),3pt missed,substitution,0,Medium
22300105,225,substitution,2,PT06M38.00S,06:38,Q2 06:38,35,35,1610612761.0,McDaniels,SUB out: J. McDaniels,rebound,substitution,0,Medium
22300105,226,substitution,2,PT06M38.00S,06:38,Q2 06:38,35,35,1610612761.0,Boucher,SUB out: C. Boucher,substitution,substitution,0,Medium
22300105,227,substitution,2,PT06M38.00S,06:38,Q2 06:38,35,35,1610612757.0,Camara,SUB out: T. Camara,substitution,substitution,0,Medium
22300105,228,substitution,2,PT06M38.00S,06:38,Q2 06:38,35,35,1610612761.0,Poeltl,SUB in: J. Poeltl,substitution,substitution,0,Medium
22300105,229,substitution,2,PT06M38.00S,06:38,Q2 06:38,35,35,1610612761.0,Dick,SUB in: G. Dick,substitution,substitution,0,Medium
22300105,230,substitution,2,PT06M38.00S,06:38,Q2 06:38,35,35,1610612757.0,Thybulle,SUB in: M. Thybulle,substitution,foul,0,Medium
22300105,231,foul,2,PT06M27.00S,06:27,Q2 06:27,35,35,1610612761.0,Poeltl,J. Poeltl shooting personal FOUL (1 PF) (Sharpe 2 FT),substitution,freethrow,0,Medium
22300105,233,freethrow,2,PT06M27.00S,06:27,Q2 06:27,35,36,1610612757.0,Sharpe,S. Sharpe Free Throw 1 of 2 (9 PTS),foul,freethrow,1,Medium
22300105,234,freethrow,2,PT06M27.00S,06:27,Q2 06:27,35,37,1610612757.0,Sharpe,S. Sharpe Free Throw 2 of 2 (10 PTS),freethrow,2pt made,2,Medium
22300105,235,2pt,2,PT06M12.00S,06:12,Q2 06:12,37,37,1610612761.0,Poeltl,J. Poeltl cutting DUNK (6 PTS) (D. Schroder 4 AST),freethrow,3pt missed,0,Medium
22300105,237,3pt,2,PT05M59.00S,05:59,Q2 05:59,37,37,1610612757.0,Grant,MISS J. Grant 24' 3PT,2pt made,rebound,0,Medium
22300105,238,rebound,2,PT05M56.00S,05:56,Q2 05:56,37,37,1610612761.0,Poeltl,J. Poeltl REBOUND (Off:3 Def:3),3pt missed,3pt missed,0,Medium
22300105,239,3pt,2,PT05M46.00S,05:46,Q2 05:46,37,37,1610612761.0,Schroder,MISS D. Schroder 26' 3PT,rebound,rebound,0,Medium
22300105,240,rebound,2,PT05M43.00S,05:43,Q2 05:43,37,37,1610612757.0,Sharpe,S. Sharpe REBOUND (Off:1 Def:2),3pt missed,2pt made,0,Medium
22300105,241,2pt,2,PT05M38.00S,05:38,Q2 05:38,37,39,1610612757.0,Ayton,D. Ayton running DUNK (2 PTS) (S. Sharpe 2 AST),rebound,timeout,2,Medium
22300105,243,timeout,2,PT05M38.00S,05:38,Q2 05:38,37,39,1610612761.0,,TOR Timeout,2pt made,3pt missed,2,Medium
22300105,244,3pt,2,PT05M21.00S,05:21,Q2 05:21,37,39,1610612761.0,Dick,MISS G. Dick 25' 3PT,timeout,rebound,2,Medium
22300105,245,rebound,2,PT05M17.00S,05:17,Q2 05:17,37,39,1610612757.0,Grant,J. Grant REBOUND (Off:0 Def:1),3pt missed,turnover,2,Medium
22300105,246,turnover,2,PT05M11.00S,05:11,Q2 05:11,37,39,1610612757.0,Henderson,S. Henderson bad pass TURNOVER (1 TO),rebound,steal,2,Medium
22300105,247,steal,2,PT05M11.00S,05:11,Q2 05:11,37,39,1610612761.0,Dick,G. Dick STEAL (1 STL),turnover,turnover,2,Medium
22300105,248,turnover,2,PT04M57.00S,04:57,Q2 04:57,37,39,1610612761.0,Poeltl,J. Poeltl lost ball TURNOVER (1 TO),steal,steal,2,Medium
22300105,249,steal,2,PT04M57.00S,04:57,Q2 04:57,37,39,1610612757.0,Grant,J. Grant STEAL (1 STL),turnover,2pt made,2,Medium
22300105,250,2pt,2,PT04M42.00S,04:42,Q2 04:42,37,41,1610612757.0,Grant,J. Grant turnaround fadeaway Jump Shot (7 PTS) (M. Thybulle 1 AST),steal,foul,4,Medium
22300105,252,foul,2,PT04M31.00S,04:31,Q2 04:31,37,41,1610612757.0,Sharpe,S. Sharpe shooting personal FOUL (2 PF) (Trent Jr. 2 FT),2pt made,freethrow,4,Medium
22300105,254,freethrow,2,PT04M31.00S,04:31,Q2 04:31,38,41,1610612761.0,Trent Jr.,G. Trent Jr. Free Throw 1 of 2 (3 PTS),foul,freethrow,3,Medium
22300105,257,freethrow,2,PT04M31.00S,04:31,Q2 04:31,38,41,1610612761.0,Trent Jr.,MISS G. Trent Jr. Free Throw 2 of 2,freethrow,substitution,3,Medium
22300105,255,substitution,2,PT04M31.00S,04:31,Q2 04:31,38,41,1610612761.0,Dick,SUB out: G. Dick,freethrow,substitution,3,Medium
22300105,256,substitution,2,PT04M31.00S,04:31,Q2 04:31,38,41,1610612761.0,Anunoby,SUB in: O. Anunoby,substitution,rebound,3,Medium
22300105,258,rebound,2,PT04M29.00S,04:29,Q2 04:29,38,41,1610612757.0,Henderson,S. Henderson REBOUND (Off:0 Def:2),substitution,2pt made,3,Medium
22300105,259,2pt,2,PT04M19.00S,04:19,Q2 04:19,38,43,1610612757.0,Henderson,S. Henderson 16' pullup Jump Shot (6 PTS),rebound,3pt missed,5,Medium
22300105,260,3pt,2,PT03M55.00S,03:55,Q2 03:55,38,43,1610612761.0,Anunoby,MISS O. Anunoby 3PT,2pt made,rebound,5,Medium
22300105,261,rebound,2,PT03M55.00S,03:55,Q2 03:55,38,43,1610612757.0,Grant,J. Grant REBOUND (Off:0 Def:2),3pt missed,turnover,5,Medium
22300105,262,turnover,2,PT03M45.00S,03:45,Q2 03:45,38,43,1610612757.0,Henderson,S. Henderson lost ball TURNOVER (2 TO),rebound,steal,5,Medium
22300105,263,steal,2,PT03M45.00S,03:45,Q2 03:45,38,43,1610612761.0,Schroder,D. Schroder STEAL (1 STL),turnover,2pt made,5,Medium
22300105,264,2pt,2,PT03M42.00S,03:42,Q2 03:42,40,43,1610612761.0,Anunoby,O. Anunoby running DUNK (7 PTS) (D. Schroder 5 AST),steal,2pt made,3,Medium
22300105,266,2pt,2,PT03M31.00S,03:31,Q2 03:31,40,45,1610612757.0,Ayton,D. Ayton 9' turnaround Jump Shot (4 PTS) (M. Thybulle 2 AST),2pt made,3pt made,5,Medium
22300105,268,3pt,2,PT03M15.00S,03:15,Q2 03:15,43,45,1610612761.0,Anunoby,O. Anunoby 3PT  (10 PTS) (P. Siakam 1 AST),2pt made,foul,2,Medium
22300105,270,foul,2,PT03M02.00S,03:02,Q2 03:02,43,45,1610612761.0,Siakam,P. Siakam personal FOUL (1 PF),3pt made,substitution,2,Medium
22300105,272,substitution,2,PT03M02.00S,03:02,Q2 03:02,43,45,1610612761.0,Trent Jr.,SUB out: G. Trent Jr.,foul,substitution,2,Medium
22300105,273,substitution,2,PT03M02.00S,03:02,Q2 03:02,43,45,1610612761.0,Barnes,SUB in: S. Barnes,substitution,2pt missed,2,Medium
22300105,274,2pt,2,PT02M50.00S,02:50,Q2 02:50,43,45,1610612757.0,Ayton,MISS D. Ayton 7' turnaround Hook,substitution,rebound,2,Medium
22300105,275,rebound,2,PT02M48.00S,02:48,Q2 02:48,43,45,1610612761.0,Siakam,P. Siakam REBOUND (Off:0 Def:2),2pt missed,3pt missed,2,Medium
22300105,277,3pt,2,PT02M42.00S,02:42,Q2 02:42,43,45,1610612761.0,Anunoby,MISS O. Anunoby 26' 3PT,rebound,rebound,2,Medium
22300105,278,rebound,2,PT02M38.00S,02:38,Q2 02:38,43,45,1610612757.0,Ayton,D. Ayton REBOUND (Off:3 Def:4),3pt missed,2pt missed,2,Medium
22300105,279,2pt,2,PT02M24.00S,02:24,Q2 02:24,43,45,1610612757.0,Sharpe,MISS S. Sharpe 12' pullup Shot,rebound,rebound,2,Medium
22300105,280,rebound,2,PT02M21.00S,02:21,Q2 02:21,43,45,1610612761.0,Anunoby,O. Anunoby REBOUND (Off:0 Def:2),2pt missed,2pt made,2,Medium
22300105,281,2pt,2,PT02M08.00S,02:08,Q2 02:08,45,45,1610612761.0,Poeltl,J. Poeltl Layup (8 PTS) (D. Schroder 6 AST),rebound,2pt made,0,Medium
22300105,283,2pt,2,PT01M57.00S,01:57,Q2 01:57,45,47,1610612757.0,Henderson,S. Henderson driving finger roll Layup (8 PTS),2pt made,foul,2,Medium
22300105,284,foul,2,PT01M41.00S,01:41,Q2 01:41,45,47,1610612757.0,Sharpe,S. Sharpe shooting personal FOUL (3 PF) (Poeltl 2 FT),2pt made,freethrow,2,Medium
22300105,286,freethrow,2,PT01M41.00S,01:41,Q2 01:41,46,47,1610612761.0,Poeltl,J. Poeltl Free Throw 1 of 2 (9 PTS),foul,freethrow,1,Medium
22300105,289,freethrow,2,PT01M41.00S,01:41,Q2 01:41,46,47,1610612761.0,Poeltl,MISS J. Poeltl Free Throw 2 of 2,freethrow,substitution,1,Medium
22300105,287,substitution,2,PT01M41.00S,01:41,Q2 01:41,46,47,1610612757.0,Sharpe,SUB out: S. Sharpe,freethrow,substitution,1,Medium
22300105,288,substitution,2,PT01M41.00S,01:41,Q2 01:41,46,47,1610612757.0,Camara,SUB in: T. Camara,substitution,rebound,1,Medium
22300105,290,rebound,2,PT01M36.00S,01:36,Q2 01:36,46,47,1610612757.0,Ayton,D. Ayton REBOUND (Off:3 Def:5),substitution,turnover,1,Medium
22300105,291,turnover,2,PT01M14.00S,01:14,Q2 01:14,46,47,1610612757.0,,POR shot clock Team TURNOVER,rebound,substitution,1,Medium
22300105,292,substitution,2,PT01M14.00S,01:14,Q2 01:14,46,47,1610612757.0,Camara,SUB out: T. Camara,turnover,substitution,1,Medium
22300105,293,substitution,2,PT01M14.00S,01:14,Q2 01:14,46,47,1610612757.0,Brogdon,SUB in: M. Brogdon,substitution,foul,1,Medium
22300105,294,foul,2,PT01M00.00S,01:00,Q2 01:00,46,47,1610612757.0,Henderson,S. Henderson personal FOUL (2 PF) (Siakam 2 FT),substitution,freethrow,1,Medium
22300105,296,freethrow,2,PT01M00.00S,01:00,Q2 01:00,47,47,1610612761.0,Siakam,P. Siakam Free Throw 1 of 2 (9 PTS),foul,freethrow,0,Medium
22300105,297,freethrow,2,PT01M00.00S,01:00,Q2 01:00,48,47,1610612761.0,Siakam,P. Siakam Free Throw 2 of 2 (10 PTS),freethrow,3pt missed,1,Medium
22300105,298,3pt,2,PT00M38.30S,00:38,Q2 00:38,48,47,1610612757.0,Brogdon,MISS M. Brogdon 25' 3PT,freethrow,rebound,1,Medium
22300105,299,rebound,2,PT00M35.10S,00:35,Q2 00:35,48,47,1610612761.0,Poeltl,J. Poeltl REBOUND (Off:3 Def:4),3pt missed,2pt missed,1,Medium
22300105,300,2pt,2,PT00M29.40S,00:29,Q2 00:29,48,47,1610612761.0,Siakam,MISS P. Siakam running Layup,rebound,rebound,1,Medium
22300105,301,rebound,2,PT00M29.30S,00:29,Q2 00:29,48,47,1610612761.0,Siakam,P. Siakam REBOUND (Off:1 Def:2),2pt missed,2pt made,1,Medium
22300105,302,2pt,2,PT00M29.30S,00:29,Q2 00:29,50,47,1610612761.0,Siakam,P. Siakam putback Layup (12 PTS),rebound,3pt missed,3,Medium
22300105,303,3pt,2,PT00M11.80S,00:11,Q2 00:11,50,47,1610612757.0,Henderson,MISS S. Henderson 25' 3PT,2pt made,rebound,3,Medium
22300105,304,rebound,2,PT00M09.20S,00:09,Q2 00:09,50,47,1610612761.0,Poeltl,J. Poeltl REBOUND (Off:3 Def:5),3pt missed,3pt missed,3,Medium
22300105,305,3pt,2,PT00M02.00S,00:02,Q2 00:02,50,47,1610612761.0,Siakam,MISS P. Siakam 27' 3PT,rebound,rebound,3,Medium
22300105,306,rebound,2,PT00M00.10S,00:00,Q2 00:00,50,47,1610612761.0,,TEAM offensive REBOUND,3pt missed,substitution,3,Medium
22300105,308,substitution,3,PT12M00.00S,12:00,Q3 12:00,50,47,1610612757.0,Brogdon,SUB out: M. Brogdon,rebound,substitution,3,Medium
22300105,309,substitution,3,PT12M00.00S,12:00,Q3 12:00,50,47,1610612757.0,Sharpe,SUB in: S. Sharpe,substitution,2pt missed,3,Medium
22300105,311,2pt,3,PT11M39.00S,11:39,Q3 11:39,50,47,1610612761.0,Siakam,MISS P. Siakam 8' driving floating Shot,substitution,rebound,3,Medium
22300105,312,rebound,3,PT11M38.00S,11:38,Q3 11:38,50,47,1610612761.0,,TEAM offensive REBOUND,2pt missed,2pt missed,3,Medium
22300105,314,2pt,3,PT11M30.00S,11:30,Q3 11:30,50,47,1610612761.0,Poeltl,MISS J. Poeltl 6' cutting finger roll Layup - blocked,rebound,block,3,Medium
22300105,315,block,3,PT11M30.00S,11:30,Q3 11:30,50,47,1610612757.0,Ayton,D. Ayton BLOCK (1 BLK),2pt missed,rebound,3,Medium
22300105,316,rebound,3,PT11M30.00S,11:30,Q3 11:30,50,47,1610612761.0,,TEAM offensive REBOUND,block,2pt missed,3,Medium
22300105,318,2pt,3,PT11M28.00S,11:28,Q3 11:28,50,47,1610612761.0,Siakam,MISS P. Siakam 16' Jump Shot,rebound,rebound,3,Medium
22300105,319,rebound,3,PT11M25.00S,11:25,Q3 11:25,50,47,1610612757.0,Ayton,D. Ayton REBOUND (Off:3 Def:6),2pt missed,foul,3,Medium
22300105,320,foul,3,PT11M20.00S,11:20,Q3 11:20,50,47,1610612761.0,Poeltl,J. Poeltl shooting personal FOUL (2 PF) (Henderson 2 FT),rebound,freethrow,3,Medium
22300105,322,freethrow,3,PT11M20.00S,11:20,Q3 11:20,50,48,1610612757.0,Henderson,S. Henderson Free Throw 1 of 2 (9 PTS),foul,freethrow,2,Medium
22300105,323,freethrow,3,PT11M20.00S,11:20,Q3 11:20,50,49,1610612757.0,Henderson,S. Henderson Free Throw 2 of 2 (10 PTS),freethrow,2pt missed,1,Medium
22300105,324,2pt,3,PT10M56.00S,10:56,Q3 10:56,50,49,1610612761.0,Poeltl,MISS J. Poeltl 7' Hook,freethrow,rebound,1,Medium
22300105,325,rebound,3,PT10M54.00S,10:54,Q3 10:54,50,49,1610612761.0,Poeltl,J. Poeltl REBOUND (Off:4 Def:5),2pt missed,3pt missed,1,Medium
22300105,326,3pt,3,PT10M51.00S,10:51,Q3 10:51,50,49,1610612761.0,Barnes,MISS S. Barnes 27' 3PT,rebound,rebound,1,Medium
22300105,327,rebound,3,PT10M47.00S,10:47,Q3 10:47,50,49,1610612757.0,Ayton,D. Ayton REBOUND (Off:3 Def:7),3pt missed,3pt missed,1,Medium
22300105,328,3pt,3,PT10M41.00S,10:41,Q3 10:41,50,49,1610612757.0,Henderson,MISS S. Henderson 26' 3PT,rebound,rebound,1,Medium
22300105,329,rebound,3,PT10M38.00S,10:38,Q3 10:38,50,49,1610612761.0,Barnes,S. Barnes REBOUND (Off:0 Def:4),3pt missed,3pt missed,1,Medium
22300105,331,3pt,3,PT10M33.00S,10:33,Q3 10:33,50,49,1610612761.0,Anunoby,MISS O. Anunoby 3PT,rebound,rebound,1,Medium
22300105,332,rebound,3,PT10M27.00S,10:27,Q3 10:27,50,49,1610612757.0,Grant,J. Grant REBOUND (Off:0 Def:3),3pt missed,2pt missed,1,Medium
22300105,333,2pt,3,PT10M12.00S,10:12,Q3 10:12,50,49,1610612757.0,Grant,MISS J. Grant 11' driving floating Shot,rebound,rebound,1,Medium
22300105,334,rebound,3,PT10M10.00S,10:10,Q3 10:10,50,49,1610612761.0,Siakam,P. Siakam REBOUND (Off:1 Def:3),2pt missed,foul,1,Medium
22300105,335,foul,3,PT10M07.00S,10:07,Q3 10:07,50,49,1610612757.0,Thybulle,M. Thybulle personal FOUL (1 PF),rebound,2pt missed,1,Medium
22300105,337,2pt,3,PT09M58.00S,09:58,Q3 09:58,50,49,1610612761.0,Anunoby,MISS O. Anunoby DUNK,foul,rebound,1,Medium
22300105,338,rebound,3,PT09M56.00S,09:56,Q3 09:56,50,49,1610612757.0,Ayton,D. Ayton REBOUND (Off:3 Def:8),2pt missed,2pt made,1,Medium
22300105,339,2pt,3,PT09M52.00S,09:52,Q3 09:52,50,51,1610612757.0,Sharpe,S. Sharpe running finger roll Layup (12 PTS),rebound,2pt made,1,Medium
22300105,340,2pt,3,PT09M40.00S,09:40,Q3 09:40,52,51,1610612761.0,Barnes,S. Barnes driving finger roll Layup (6 PTS),2pt made,3pt made,1,Medium
22300105,341,3pt,3,PT09M28.00S,09:28,Q3 09:28,52,54,1610612757.0,Thybulle,M. Thybulle 3PT  (6 PTS) (S. Henderson 2 AST),2pt made,2pt made,2,Medium
22300105,343,2pt,3,PT09M14.00S,09:14,Q3 09:14,54,54,1610612761.0,Barnes,S. Barnes 18' pullup Jump Shot (8 PTS),3pt made,3pt missed,0,Medium
22300105,344,3pt,3,PT09M06.00S,09:06,Q3 09:06,54,54,1610612757.0,Thybulle,MISS M. Thybulle 26' 3PT,2pt made,rebound,0,Medium
22300105,345,rebound,3,PT09M02.00S,09:02,Q3 09:02,54,54,1610612761.0,Siakam,P. Siakam REBOUND (Off:1 Def:4),3pt missed,2pt made,0,Medium
22300105,346,2pt,3,PT08M50.00S,08:50,Q3 08:50,56,54,1610612761.0,Siakam,P. Siakam 15' pullup Jump Shot (14 PTS),rebound,foul,2,Medium
22300105,347,foul,3,PT08M35.00S,08:35,Q3 08:35,56,54,1610612761.0,Barnes,S. Barnes personal FOUL (1 PF),2pt made,3pt missed,2,Medium
22300105,349,3pt,3,PT08M30.00S,08:30,Q3 08:30,56,54,1610612757.0,Henderson,MISS S. Henderson 26' 3PT,foul,rebound,2,Medium
22300105,350,rebound,3,PT08M26.00S,08:26,Q3 08:26,56,54,1610612761.0,Barnes,S. Barnes REBOUND (Off:0 Def:5),3pt missed,turnover,2,Medium
22300105,351,turnover,3,PT08M21.00S,08:21,Q3 08:21,56,54,1610612761.0,Barnes,S. Barnes bad pass TURNOVER (3 TO),rebound,steal,2,Medium
22300105,352,steal,3,PT08M21.00S,08:21,Q3 08:21,56,54,1610612757.0,Henderson,S. Henderson STEAL (1 STL),turnover,3pt made,2,Medium
22300105,353,3pt,3,PT08M15.00S,08:15,Q3 08:15,56,57,1610612757.0,Thybulle,M. Thybulle 3PT running (9 PTS) (S. Henderson 3 AST),steal,2pt made,1,Medium
22300105,355,2pt,3,PT08M03.00S,08:03,Q3 08:03,58,57,1610612761.0,Barnes,S. Barnes driving Layup (10 PTS),3pt made,foul,1,Medium
22300105,356,foul,3,PT08M03.00S,08:03,Q3 08:03,58,57,1610612757.0,Ayton,D. Ayton shooting personal FOUL (1 PF) (Barnes 1 FT),2pt made,freethrow,1,Medium
22300105,358,freethrow,3,PT08M03.00S,08:03,Q3 08:03,59,57,1610612761.0,Barnes,S. Barnes Free Throw 1 of 1 (11 PTS),foul,2pt made,2,Medium
22300105,359,2pt,3,PT07M48.00S,07:48,Q3 07:48,59,59,1610612757.0,Ayton,D. Ayton 10' Jump Shot (6 PTS) (S. Henderson 4 AST),freethrow,foul,0,Medium
22300105,361,foul,3,PT07M32.00S,07:32,Q3 07:32,59,59,1610612757.0,Henderson,S. Henderson shooting personal FOUL (3 PF) (Barnes 2 FT),2pt made,freethrow,0,Medium
22300105,363,freethrow,3,PT07M32.00S,07:32,Q3 07:32,60,59,1610612761.0,Barnes,S. Barnes Free Throw 1 of 2 (12 PTS),foul,freethrow,1,Medium
22300105,364,freethrow,3,PT07M32.00S,07:32,Q3 07:32,61,59,1610612761.0,Barnes,S. Barnes Free Throw 2 of 2 (13 PTS),freethrow,3pt missed,2,Medium
22300105,365,3pt,3,PT07M22.00S,07:22,Q3 07:22,61,59,1610612757.0,Grant,MISS J. Grant 26' 3PT,freethrow,rebound,2,Medium
22300105,366,rebound,3,PT07M19.00S,07:19,Q3 07:19,61,59,1610612757.0,Ayton,D. Ayton REBOUND (Off:4 Def:8),3pt missed,2pt missed,2,Medium
22300105,367,2pt,3,PT07M16.00S,07:16,Q3 07:16,61,59,1610612757.0,Ayton,MISS D. Ayton 8' turnaround Hook,rebound,rebound,2,Medium
22300105,368,rebound,3,PT07M12.00S,07:12,Q3 07:12,61,59,1610612757.0,Grant,J. Grant REBOUND (Off:1 Def:3),2pt missed,2pt made,2,Medium
22300105,369,2pt,3,PT07M12.00S,07:12,Q3 07:12,61,61,1610612757.0,Grant,J. Grant tip Layup (9 PTS),rebound,2pt missed,0,Medium
22300105,370,2pt,3,PT06M53.00S,06:53,Q3 06:53,61,61,1610612761.0,Schroder,MISS D. Schroder 7' driving finger roll Layup,2pt made,rebound,0,Medium
22300105,371,rebound,3,PT06M51.00S,06:51,Q3 06:51,61,61,1610612757.0,Grant,J. Grant REBOUND (Off:1 Def:4),2pt missed,2pt made,0,Medium
22300105,372,2pt,3,PT06M46.00S,06:46,Q3 06:46,61,63,1610612757.0,Grant,J. Grant running DUNK (11 PTS) (S. Henderson 5 AST),rebound,timeout,2,Medium
22300105,374,timeout,3,PT06M46.00S,06:46,Q3 06:46,61,63,1610612761.0,,TOR Timeout,2pt made,2pt missed,2,Medium
22300105,375,2pt,3,PT06M23.00S,06:23,Q3 06:23,61,63,1610612761.0,Schroder,MISS D. Schroder 12' turnaround fadeaway Shot,timeout,rebound,2,Medium
22300105,376,rebound,3,PT06M20.00S,06:20,Q3 06:20,61,63,1610612757.0,Ayton,D. Ayton REBOUND (Off:4 Def:9),2pt missed,2pt missed,2,Medium
22300105,377,2pt,3,PT06M14.00S,06:14,Q3 06:14,61,63,1610612757.0,Sharpe,MISS S. Sharpe 17' pullup Shot,rebound,rebound,2,Medium
22300105,378,rebound,3,PT06M10.00S,06:10,Q3 06:10,61,63,1610612761.0,Barnes,S. Barnes REBOUND (Off:0 Def:6),2pt missed,3pt made,2,Medium
22300105,379,3pt,3,PT06M06.00S,06:06,Q3 06:06,64,63,1610612761.0,Barnes,S. Barnes 25' 3PT running pullup (16 PTS),rebound,3pt missed,1,Medium
22300105,380,3pt,3,PT05M44.00S,05:44,Q3 05:44,64,63,1610612757.0,Grant,MISS J. Grant 28' 3PT,3pt made,rebound,1,Medium
22300105,381,rebound,3,PT05M42.00S,05:42,Q3 05:42,64,63,1610612761.0,Barnes,S. Barnes REBOUND (Off:0 Def:7),3pt missed,2pt made,1,Medium
22300105,382,2pt,3,PT05M33.00S,05:33,Q3 05:33,66,63,1610612761.0,Siakam,P. Siakam driving Layup (16 PTS),rebound,foul,3,Medium
22300105,383,foul,3,PT05M33.00S,05:33,Q3 05:33,66,63,1610612757.0,Grant,J. Grant shooting personal FOUL (1 PF) (Siakam 1 FT),2pt made,timeout,3,Medium
22300105,385,timeout,3,PT05M33.00S,05:33,Q3 05:33,66,63,1610612757.0,,POR Timeout,foul,freethrow,3,Medium
22300105,392,freethrow,3,PT05M33.00S,05:33,Q3 05:33,66,63,1610612761.0,Siakam,MISS P. Siakam Free Throw 1 of 1,timeout,substitution,3,Medium
22300105,386,substitution,3,PT05M33.00S,05:33,Q3 05:33,66,63,1610612761.0,Anunoby,SUB out: O. Anunoby,freethrow,substitution,3,Medium
22300105,387,substitution,3,PT05M33.00S,05:33,Q3 05:33,66,63,1610612757.0,Thybulle,SUB out: M. Thybulle,substitution,substitution,3,Medium
22300105,388,substitution,3,PT05M33.00S,05:33,Q3 05:33,66,63,1610612757.0,Sharpe,SUB out: S. Sharpe,substitution,substitution,3,Medium
22300105,389,substitution,3,PT05M33.00S,05:33,Q3 05:33,66,63,1610612761.0,Trent Jr.,SUB in: G. Trent Jr.,substitution,substitution,3,Medium
22300105,390,substitution,3,PT05M33.00S,05:33,Q3 05:33,66,63,1610612757.0,Brogdon,SUB in: M. Brogdon,substitution,substitution,3,Medium
22300105,391,substitution,3,PT05M33.00S,05:33,Q3 05:33,66,63,1610612757.0,Camara,SUB in: T. Camara,substitution,rebound,3,Medium
22300105,393,rebound,3,PT05M31.00S,05:31,Q3 05:31,66,63,1610612757.0,Ayton,D. Ayton REBOUND (Off:4 Def:10),substitution,2pt made,3,Medium
22300105,394,2pt,3,PT05M19.00S,05:19,Q3 05:19,66,65,1610612757.0,Grant,J. Grant cutting DUNK (13 PTS) (D. Ayton 1 AST),rebound,2pt missed,1,Medium
22300105,396,2pt,3,PT05M00.00S,05:00,Q3 05:00,66,65,1610612761.0,Schroder,MISS D. Schroder driving Layup - blocked,2pt made,block,1,Medium
22300105,397,block,3,PT05M00.00S,05:00,Q3 05:00,66,65,1610612757.0,Ayton,D. Ayton BLOCK (2 BLK),2pt missed,rebound,1,Medium
22300105,398,rebound,3,PT04M56.00S,04:56,Q3 04:56,66,65,1610612761.0,Poeltl,J. Poeltl REBOUND (Off:5 Def:5),block,2pt made,1,Medium
22300105,399,2pt,3,PT04M56.00S,04:56,Q3 04:56,68,65,1610612761.0,Poeltl,J. Poeltl putback Layup (11 PTS),rebound,foul,3,Medium
22300105,400,foul,3,PT04M45.00S,04:45,Q3 04:45,68,65,1610612757.0,Grant,J. Grant offensive FOUL (2 PF),2pt made,turnover,3,Medium
22300105,402,turnover,3,PT04M45.00S,04:45,Q3 04:45,68,65,1610612757.0,Grant,J. Grant offensive foul TURNOVER (2 TO),foul,substitution,3,Medium
22300105,403,substitution,3,PT04M45.00S,04:45,Q3 04:45,68,65,1610612761.0,Barnes,SUB out: S. Barnes,turnover,substitution,3,Medium
22300105,404,substitution,3,PT04M45.00S,04:45,Q3 04:45,68,65,1610612761.0,Dick,SUB in: G. Dick,substitution,foul,3,Medium
22300105,405,foul,3,PT04M26.00S,04:26,Q3 04:26,68,65,1610612761.0,Poeltl,J. Poeltl off-the-ball offensive FOUL (3 PF),substitution,turnover,3,Medium
22300105,407,turnover,3,PT04M26.00S,04:26,Q3 04:26,68,65,1610612761.0,Poeltl,J. Poeltl offensive foul TURNOVER (2 TO),foul,2pt made,3,Medium
22300105,408,2pt,3,PT04M12.00S,04:12,Q3 04:12,68,67,1610612757.0,Ayton,D. Ayton 8' turnaround Hook (8 PTS) (S. Henderson 6 AST),turnover,2pt missed,1,Medium
22300105,410,2pt,3,PT03M53.00S,03:53,Q3 03:53,68,67,1610612761.0,Trent Jr.,MISS G. Trent Jr. 6' fadeaway Shot,2pt made,rebound,1,Medium
22300105,411,rebound,3,PT03M50.00S,03:50,Q3 03:50,68,67,1610612757.0,Grant,J. Grant REBOUND (Off:1 Def:5),2pt missed,2pt missed,1,Medium
22300105,412,2pt,3,PT03M35.00S,03:35,Q3 03:35,68,67,1610612757.0,Grant,MISS J. Grant driving Layup,rebound,rebound,1,Medium
22300105,413,rebound,3,PT03M34.00S,03:34,Q3 03:34,68,67,1610612757.0,Ayton,D. Ayton REBOUND (Off:5 Def:10),2pt missed,2pt made,1,Medium
22300105,414,2pt,3,PT03M33.00S,03:33,Q3 03:33,68,69,1610612757.0,Ayton,D. Ayton putback Layup (10 PTS),rebound,2pt missed,1,Medium
22300105,415,2pt,3,PT03M17.00S,03:17,Q3 03:17,68,69,1610612761.0,Siakam,MISS P. Siakam driving finger roll Layup,2pt made,rebound,1,Medium
22300105,416,rebound,3,PT03M15.00S,03:15,Q3 03:15,68,69,1610612757.0,Ayton,D. Ayton REBOUND (Off:5 Def:11),2pt missed,3pt made,1,Medium
22300105,417,3pt,3,PT03M12.00S,03:12,Q3 03:12,68,72,1610612757.0,Brogdon,M. Brogdon 26' 3PT running pullup (11 PTS),rebound,timeout,4,Medium
22300105,418,timeout,3,PT03M10.00S,03:10,Q3 03:10,68,72,1610612761.0,,TOR Timeout,3pt made,substitution,4,Medium
22300105,419,substitution,3,PT03M10.00S,03:10,Q3 03:10,68,72,1610612761.0,Schroder,SUB out: D. Schroder,timeout,substitution,4,Medium
22300105,420,substitution,3,PT03M10.00S,03:10,Q3 03:10,68,72,1610612761.0,Poeltl,SUB out: J. Poeltl,substitution,substitution,4,Medium
22300105,421,substitution,3,PT03M10.00S,03:10,Q3 03:10,68,72,1610612757.0,Ayton,SUB out: D. Ayton,substitution,substitution,4,Medium
22300105,422,substitution,3,PT03M10.00S,03:10,Q3 03:10,68,72,1610612761.0,Flynn,SUB in: M. Flynn,substitution,substitution,4,Medium
22300105,423,substitution,3,PT03M10.00S,03:10,Q3 03:10,68,72,1610612761.0,Boucher,SUB in: C. Boucher,substitution,substitution,4,Medium
22300105,424,substitution,3,PT03M10.00S,03:10,Q3 03:10,68,72,1610612757.0,Walker,SUB in: J. Walker,substitution,3pt missed,4,Medium
22300105,425,3pt,3,PT02M50.00S,02:50,Q3 02:50,68,72,1610612761.0,Siakam,MISS P. Siakam 25' 3PT,substitution,rebound,4,Medium
22300105,426,rebound,3,PT02M47.00S,02:47,Q3 02:47,68,72,1610612757.0,Camara,T. Camara REBOUND (Off:1 Def:3),3pt missed,foul,4,Medium
22300105,427,foul,3,PT02M43.00S,02:43,Q3 02:43,68,72,1610612761.0,Boucher,C. Boucher shooting personal FOUL (1 PF) (Grant 2 FT),rebound,freethrow,4,Medium
22300105,429,freethrow,3,PT02M43.00S,02:43,Q3 02:43,68,73,1610612757.0,Grant,J. Grant Free Throw 1 of 2 (14 PTS),foul,freethrow,5,Medium
22300105,430,freethrow,3,PT02M43.00S,02:43,Q3 02:43,68,74,1610612757.0,Grant,J. Grant Free Throw 2 of 2 (15 PTS),freethrow,2pt missed,6,Medium
22300105,431,2pt,3,PT02M26.00S,02:26,Q3 02:26,68,74,1610612761.0,Trent Jr.,MISS G. Trent Jr. driving floating Shot,freethrow,rebound,6,Medium
22300105,432,rebound,3,PT02M23.00S,02:23,Q3 02:23,68,74,1610612761.0,Boucher,C. Boucher REBOUND (Off:2 Def:2),2pt missed,2pt missed,6,Medium
22300105,433,2pt,3,PT02M23.00S,02:23,Q3 02:23,68,74,1610612761.0,Boucher,MISS C. Boucher tip Layup,rebound,rebound,6,Medium
22300105,434,rebound,3,PT02M22.00S,02:22,Q3 02:22,68,74,1610612757.0,Camara,T. Camara REBOUND (Off:1 Def:4),2pt missed,2pt made,6,Medium
22300105,435,2pt,3,PT02M16.00S,02:16,Q3 02:16,68,76,1610612757.0,Walker,J. Walker reverse Layup (2 PTS) (S. Henderson 7 AST),rebound,2pt missed,8,Medium
22300105,437,2pt,3,PT01M52.00S,01:52,Q3 01:52,68,76,1610612761.0,Siakam,MISS P. Siakam 18' step back Shot,2pt made,rebound,8,Medium
22300105,438,rebound,3,PT01M47.00S,01:47,Q3 01:47,68,76,1610612761.0,Dick,G. Dick REBOUND (Off:1 Def:0),2pt missed,2pt made,8,Medium
22300105,439,2pt,3,PT01M45.00S,01:45,Q3 01:45,70,76,1610612761.0,Dick,G. Dick Jump Shot (2 PTS),rebound,turnover,6,Medium
22300105,440,turnover,3,PT01M33.00S,01:33,Q3 01:33,70,76,1610612757.0,Henderson,S. Henderson bad pass TURNOVER (3 TO),2pt made,steal,6,Medium
22300105,441,steal,3,PT01M33.00S,01:33,Q3 01:33,70,76,1610612761.0,Dick,G. Dick STEAL (2 STL),turnover,2pt made,6,Medium
22300105,442,2pt,3,PT01M28.00S,01:28,Q3 01:28,72,76,1610612761.0,Flynn,M. Flynn running Layup (4 PTS) (P. Siakam 2 AST),steal,foul,4,Medium
22300105,444,foul,3,PT01M13.00S,01:13,Q3 01:13,72,76,1610612761.0,Flynn,M. Flynn personal FOUL (1 PF),2pt made,substitution,4,Medium
22300105,446,substitution,3,PT01M13.00S,01:13,Q3 01:13,72,76,1610612761.0,Siakam,SUB out: P. Siakam,foul,substitution,4,Medium
22300105,447,substitution,3,PT01M13.00S,01:13,Q3 01:13,72,76,1610612757.0,Henderson,SUB out: S. Henderson,substitution,substitution,4,Medium
22300105,448,substitution,3,PT01M13.00S,01:13,Q3 01:13,72,76,1610612761.0,Barnes,SUB in: S. Barnes,substitution,substitution,4,Medium
22300105,449,substitution,3,PT01M13.00S,01:13,Q3 01:13,72,76,1610612757.0,Sharpe,SUB in: S. Sharpe,substitution,2pt made,4,Medium
22300105,450,2pt,3,PT01M01.00S,01:01,Q3 01:01,72,78,1610612757.0,Brogdon,M. Brogdon driving finger roll Layup (13 PTS),substitution,3pt missed,6,Medium
22300105,451,3pt,3,PT00M45.30S,00:45,Q3 00:45,72,78,1610612761.0,Trent Jr.,MISS G. Trent Jr. 25' 3PT,2pt made,rebound,6,Medium
22300105,452,rebound,3,PT00M42.60S,00:42,Q3 00:42,72,78,1610612761.0,Boucher,C. Boucher REBOUND (Off:3 Def:2),3pt missed,2pt missed,6,Medium
22300105,453,2pt,3,PT00M39.50S,00:39,Q3 00:39,72,78,1610612761.0,Boucher,MISS C. Boucher putback Layup,rebound,rebound,6,Medium
22300105,454,rebound,3,PT00M39.50S,00:39,Q3 00:39,72,78,1610612761.0,Barnes,S. Barnes REBOUND (Off:1 Def:7),2pt missed,2pt missed,6,Medium
22300105,455,2pt,3,PT00M38.60S,00:38,Q3 00:38,72,78,1610612761.0,Barnes,MISS S. Barnes putback Layup - blocked,rebound,block,6,Medium
22300105,456,block,3,PT00M38.60S,00:38,Q3 00:38,72,78,1610612757.0,Camara,T. Camara BLOCK (1 BLK),2pt missed,rebound,6,Medium
22300105,457,rebound,3,PT00M38.60S,00:38,Q3 00:38,72,78,1610612761.0,,TEAM offensive REBOUND,block,2pt made,6,Medium
22300105,459,2pt,3,PT00M30.30S,00:30,Q3 00:30,74,78,1610612761.0,Dick,G. Dick driving finger roll Layup (4 PTS) (G. Trent Jr. 2 AST),rebound,2pt made,4,Medium
22300105,461,2pt,3,PT00M10.00S,00:10,Q3 00:10,74,80,1610612757.0,Brogdon,M. Brogdon 10' driving floating Jump Shot (15 PTS),2pt made,foul,6,Medium
22300105,462,foul,3,PT00M10.00S,00:10,Q3 00:10,74,80,1610612761.0,Dick,G. Dick shooting personal FOUL (1 PF) (Brogdon 1 FT),2pt made,freethrow,6,Medium
22300105,466,freethrow,3,PT00M10.00S,00:10,Q3 00:10,74,80,1610612757.0,Brogdon,MISS M. Brogdon Free Throw 1 of 1,foul,substitution,6,Medium
22300105,464,substitution,3,PT00M10.00S,00:10,Q3 00:10,74,80,1610612757.0,Sharpe,SUB out: S. Sharpe,freethrow,substitution,6,Medium
22300105,465,substitution,3,PT00M10.00S,00:10,Q3 00:10,74,80,1610612757.0,Thybulle,SUB in: M. Thybulle,substitution,rebound,6,Medium
22300105,467,rebound,3,PT00M08.00S,00:08,Q3 00:08,74,80,1610612761.0,Boucher,C. Boucher REBOUND (Off:3 Def:3),substitution,2pt missed,6,Medium
22300105,468,2pt,3,PT00M03.20S,00:03,Q3 00:03,74,80,1610612761.0,Dick,MISS G. Dick running DUNK - blocked,rebound,block,6,Medium
22300105,469,block,3,PT00M03.20S,00:03,Q3 00:03,74,80,1610612757.0,Walker,J. Walker BLOCK (1 BLK),2pt missed,rebound,6,Medium
22300105,470,rebound,3,PT00M03.20S,00:03,Q3 00:03,74,80,1610612757.0,Camara,T. Camara REBOUND (Off:1 Def:5),block,substitution,6,Medium
22300105,472,substitution,4,PT12M00.00S,12:00,Q4 12:00,74,80,1610612761.0,Trent Jr.,SUB out: G. Trent Jr.,rebound,substitution,6,Medium
22300105,473,substitution,4,PT12M00.00S,12:00,Q4 12:00,74,80,1610612757.0,Grant,SUB out: J. Grant,substitution,substitution,6,Medium
22300105,474,substitution,4,PT12M00.00S,12:00,Q4 12:00,74,80,1610612757.0,Thybulle,SUB out: M. Thybulle,substitution,substitution,6,Medium
22300105,475,substitution,4,PT12M00.00S,12:00,Q4 12:00,74,80,1610612761.0,Anunoby,SUB in: O. Anunoby,substitution,substitution,6,Medium
22300105,476,substitution,4,PT12M00.00S,12:00,Q4 12:00,74,80,1610612757.0,Mays,SUB in: S. Mays,substitution,substitution,6,Medium
22300105,477,substitution,4,PT12M00.00S,12:00,Q4 12:00,74,80,1610612757.0,Sharpe,SUB in: S. Sharpe,substitution,3pt missed,6,Medium
22300105,479,3pt,4,PT11M40.00S,11:40,Q4 11:40,74,80,1610612757.0,Sharpe,MISS S. Sharpe 3PT,substitution,rebound,6,Medium
22300105,480,rebound,4,PT11M37.00S,11:37,Q4 11:37,74,80,1610612757.0,Camara,T. Camara REBOUND (Off:2 Def:5),3pt missed,2pt missed,6,Medium
22300105,481,2pt,4,PT11M21.00S,11:21,Q4 11:21,74,80,1610612757.0,Brogdon,MISS M. Brogdon 17' step back Shot,rebound,rebound,6,Medium
22300105,482,rebound,4,PT11M18.00S,11:18,Q4 11:18,74,80,1610612757.0,Sharpe,S. Sharpe REBOUND (Off:2 Def:2),2pt missed,3pt missed,6,Medium
22300105,483,3pt,4,PT11M16.00S,11:16,Q4 11:16,74,80,1610612757.0,Mays,MISS S. Mays 25' 3PT,rebound,rebound,6,Medium
22300105,484,rebound,4,PT11M12.00S,11:12,Q4 11:12,74,80,1610612761.0,Boucher,C. Boucher REBOUND (Off:3 Def:4),3pt missed,3pt missed,6,Medium
22300105,485,3pt,4,PT10M54.00S,10:54,Q4 10:54,74,80,1610612761.0,Flynn,MISS M. Flynn 24' 3PT,rebound,rebound,6,Medium
22300105,486,rebound,4,PT10M52.00S,10:52,Q4 10:52,74,80,1610612757.0,Walker,J. Walker REBOUND (Off:0 Def:2),3pt missed,3pt missed,6,Medium
22300105,487,3pt,4,PT10M31.00S,10:31,Q4 10:31,74,80,1610612757.0,Brogdon,MISS M. Brogdon 25' pullup 3PT,rebound,rebound,6,Medium
22300105,488,rebound,4,PT10M29.00S,10:29,Q4 10:29,74,80,1610612761.0,Barnes,S. Barnes REBOUND (Off:1 Def:8),3pt missed,2pt missed,6,Medium
22300105,489,2pt,4,PT10M25.00S,10:25,Q4 10:25,74,80,1610612761.0,Barnes,MISS S. Barnes 6' running Layup,rebound,rebound,6,Medium
22300105,490,rebound,4,PT10M22.00S,10:22,Q4 10:22,74,80,1610612761.0,Barnes,S. Barnes REBOUND (Off:2 Def:8),2pt missed,2pt made,6,Medium
22300105,491,2pt,4,PT10M20.00S,10:20,Q4 10:20,76,80,1610612761.0,Barnes,S. Barnes turnaround Hook (18 PTS),rebound,foul,4,Medium
22300105,492,foul,4,PT10M05.00S,10:05,Q4 10:05,76,80,1610612757.0,Camara,T. Camara off-the-ball offensive FOUL (2 PF),2pt made,turnover,4,Medium
22300105,494,turnover,4,PT10M05.00S,10:05,Q4 10:05,76,80,1610612757.0,Camara,T. Camara offensive foul TURNOVER (1 TO),foul,2pt made,4,Medium
22300105,495,2pt,4,PT09M52.00S,09:52,Q4 09:52,78,80,1610612761.0,Flynn,M. Flynn driving finger roll Layup (6 PTS) (S. Barnes 2 AST),turnover,2pt made,2,Medium
22300105,497,2pt,4,PT09M29.00S,09:29,Q4 09:29,78,82,1610612757.0,Walker,J. Walker driving Layup (4 PTS) (S. Sharpe 3 AST),2pt made,2pt missed,4,Medium
22300105,499,2pt,4,PT09M05.00S,09:05,Q4 09:05,78,82,1610612761.0,Barnes,MISS S. Barnes driving floating Shot,2pt made,rebound,4,Medium
22300105,500,rebound,4,PT09M03.00S,09:03,Q4 09:03,78,82,1610612757.0,Sharpe,S. Sharpe REBOUND (Off:2 Def:3),2pt missed,turnover,4,Medium
22300105,501,turnover,4,PT08M59.00S,08:59,Q4 08:59,78,82,1610612757.0,Sharpe,S. Sharpe lost ball TURNOVER (4 TO),rebound,steal,4,Medium
22300105,502,steal,4,PT08M59.00S,08:59,Q4 08:59,78,82,1610612761.0,Barnes,S. Barnes STEAL (2 STL),turnover,2pt made,4,Medium
22300105,503,2pt,4,PT08M54.00S,08:54,Q4 08:54,80,82,1610612761.0,Barnes,S. Barnes running Layup (20 PTS) (C. Boucher 1 AST),steal,2pt missed,2,Medium
22300105,505,2pt,4,PT08M38.00S,08:38,Q4 08:38,80,82,1610612757.0,Brogdon,MISS M. Brogdon 15' pullup Shot,2pt made,rebound,2,Medium
22300105,506,rebound,4,PT08M38.00S,08:38,Q4 08:38,80,82,1610612757.0,,TEAM offensive REBOUND,2pt missed,foul,2,Medium
22300105,507,foul,4,PT08M38.00S,08:38,Q4 08:38,80,82,1610612761.0,Boucher,C. Boucher loose ball personal FOUL (2 PF),rebound,foul,2,Medium
22300105,509,foul,4,PT08M30.00S,08:30,Q4 08:30,80,82,1610612761.0,Dick,G. Dick shooting personal FOUL (2 PF) (Sharpe 2 FT),foul,freethrow,2,Medium
22300105,511,freethrow,4,PT08M30.00S,08:30,Q4 08:30,80,83,1610612757.0,Sharpe,S. Sharpe Free Throw 1 of 2 (13 PTS),foul,freethrow,3,Medium
22300105,512,freethrow,4,PT08M30.00S,08:30,Q4 08:30,80,84,1610612757.0,Sharpe,S. Sharpe Free Throw 2 of 2 (14 PTS),freethrow,foul,4,Medium
22300105,513,foul,4,PT08M30.00S,08:30,Q4 08:30,80,84,1610612761.0,Barnes,S. Barnes loose ball personal FOUL (2 PF) (Camara 1 FT),freethrow,freethrow,4,Medium
22300105,515,freethrow,4,PT08M30.00S,08:30,Q4 08:30,80,85,1610612757.0,Camara,T. Camara Free Throw 1 of 1 (3 PTS),foul,3pt missed,5,Medium
22300105,516,3pt,4,PT08M08.00S,08:08,Q4 08:08,80,85,1610612761.0,Barnes,MISS S. Barnes 25' step back 3PT,freethrow,rebound,5,Medium
22300105,517,rebound,4,PT08M08.00S,08:08,Q4 08:08,80,85,1610612761.0,,TEAM offensive REBOUND,3pt missed,foul,5,Medium
22300105,518,foul,4,PT08M08.00S,08:08,Q4 08:08,80,85,1610612757.0,Brogdon,M. Brogdon loose ball personal FOUL (2 PF),rebound,substitution,5,Medium
22300105,520,substitution,4,PT08M08.00S,08:08,Q4 08:08,80,85,1610612757.0,Camara,SUB out: T. Camara,foul,substitution,5,Medium
22300105,521,substitution,4,PT08M08.00S,08:08,Q4 08:08,80,85,1610612757.0,Mays,SUB out: S. Mays,substitution,substitution,5,Medium
22300105,522,substitution,4,PT08M08.00S,08:08,Q4 08:08,80,85,1610612757.0,Henderson,SUB in: S. Henderson,substitution,substitution,5,Medium
22300105,523,substitution,4,PT08M08.00S,08:08,Q4 08:08,80,85,1610612757.0,Grant,SUB in: J. Grant,substitution,3pt missed,5,Medium
22300105,524,3pt,4,PT07M55.00S,07:55,Q4 07:55,80,85,1610612761.0,Flynn,MISS M. Flynn 27' pullup 3PT,substitution,rebound,5,Medium
22300105,525,rebound,4,PT07M52.00S,07:52,Q4 07:52,80,85,1610612761.0,Barnes,S. Barnes REBOUND (Off:3 Def:8),3pt missed,2pt missed,5,Medium
22300105,526,2pt,4,PT07M43.00S,07:43,Q4 07:43,80,85,1610612761.0,Barnes,MISS S. Barnes 8' turnaround Hook,rebound,rebound,5,Medium
22300105,527,rebound,4,PT07M39.00S,07:39,Q4 07:39,80,85,1610612757.0,Walker,J. Walker REBOUND (Off:0 Def:3),2pt missed,foul,5,Medium
22300105,528,foul,4,PT07M38.00S,07:38,Q4 07:38,80,85,1610612761.0,Dick,G. Dick shooting personal FOUL (3 PF) (Henderson 2 FT),rebound,freethrow,5,Medium
22300105,530,freethrow,4,PT07M38.00S,07:38,Q4 07:38,80,85,1610612757.0,Henderson,MISS S. Henderson Free Throw 1 of 2,foul,rebound,5,Medium
22300105,531,rebound,4,PT07M38.00S,07:38,Q4 07:38,80,85,1610612757.0,,TEAM offensive REBOUND,freethrow,freethrow,5,Medium
22300105,536,freethrow,4,PT07M38.00S,07:38,Q4 07:38,80,86,1610612757.0,Henderson,S. Henderson Free Throw 2 of 2 (11 PTS),rebound,substitution,6,Medium
22300105,532,substitution,4,PT07M38.00S,07:38,Q4 07:38,80,85,1610612761.0,Flynn,SUB out: M. Flynn,freethrow,substitution,5,Medium
22300105,533,substitution,4,PT07M38.00S,07:38,Q4 07:38,80,85,1610612761.0,Boucher,SUB out: C. Boucher,substitution,substitution,5,Medium
22300105,534,substitution,4,PT07M38.00S,07:38,Q4 07:38,80,85,1610612761.0,Schroder,SUB in: D. Schroder,substitution,substitution,5,Medium
22300105,535,substitution,4,PT07M38.00S,07:38,Q4 07:38,80,85,1610612761.0,Siakam,SUB in: P. Siakam,substitution,2pt missed,5,Medium
22300105,538,2pt,4,PT07M22.00S,07:22,Q4 07:22,80,86,1610612761.0,Dick,MISS G. Dick driving finger roll Layup - blocked,substitution,block,6,Medium
22300105,539,block,4,PT07M22.00S,07:22,Q4 07:22,80,86,1610612757.0,Sharpe,S. Sharpe BLOCK (2 BLK),2pt missed,rebound,6,Medium
22300105,540,rebound,4,PT07M19.00S,07:19,Q4 07:19,80,86,1610612761.0,Barnes,S. Barnes REBOUND (Off:4 Def:8),block,3pt missed,6,Medium
22300105,541,3pt,4,PT07M16.00S,07:16,Q4 07:16,80,86,1610612761.0,Anunoby,MISS O. Anunoby 26' step back 3PT,rebound,rebound,6,Medium
22300105,542,rebound,4,PT07M12.00S,07:12,Q4 07:12,80,86,1610612757.0,Henderson,S. Henderson REBOUND (Off:0 Def:3),3pt missed,3pt missed,6,Medium
22300105,543,3pt,4,PT07M07.00S,07:07,Q4 07:07,80,86,1610612757.0,Sharpe,MISS S. Sharpe 27' running 3PT,rebound,rebound,6,Medium
22300105,544,rebound,4,PT07M04.00S,07:04,Q4 07:04,80,86,1610612761.0,Anunoby,O. Anunoby REBOUND (Off:0 Def:3),3pt missed,2pt missed,6,Medium
22300105,545,2pt,4,PT06M58.00S,06:58,Q4 06:58,80,86,1610612761.0,Barnes,MISS S. Barnes Layup - blocked,rebound,block,6,High
22300105,546,block,4,PT06M58.00S,06:58,Q4 06:58,80,86,1610612757.0,Grant,J. Grant BLOCK (1 BLK),2pt missed,rebound,6,High
22300105,547,rebound,4,PT06M55.00S,06:55,Q4 06:55,80,86,1610612757.0,Henderson,S. Henderson REBOUND (Off:0 Def:4),block,3pt missed,6,High
22300105,548,3pt,4,PT06M53.00S,06:53,Q4 06:53,80,86,1610612757.0,Henderson,MISS S. Henderson 25' running pullup 3PT,rebound,rebound,6,High
22300105,549,rebound,4,PT06M50.00S,06:50,Q4 06:50,80,86,1610612761.0,Dick,G. Dick REBOUND (Off:1 Def:1),3pt missed,2pt made,6,High
22300105,550,2pt,4,PT06M45.00S,06:45,Q4 06:45,82,86,1610612761.0,Siakam,P. Siakam running Layup (18 PTS) (D. Schroder 7 AST),rebound,timeout,4,High
22300105,552,timeout,4,PT06M45.00S,06:45,Q4 06:45,82,86,1610612757.0,,POR Timeout,2pt made,substitution,4,High
22300105,553,substitution,4,PT06M45.00S,06:45,Q4 06:45,82,86,1610612761.0,Anunoby,SUB out: O. Anunoby,timeout,substitution,4,High
22300105,554,substitution,4,PT06M45.00S,06:45,Q4 06:45,82,86,1610612757.0,Walker,SUB out: J. Walker,substitution,substitution,4,High
22300105,555,substitution,4,PT06M45.00S,06:45,Q4 06:45,82,86,1610612761.0,Poeltl,SUB in: J. Poeltl,substitution,substitution,4,High
22300105,556,substitution,4,PT06M45.00S,06:45,Q4 06:45,82,86,1610612757.0,Ayton,SUB in: D. Ayton,substitution,3pt missed,4,High
22300105,557,3pt,4,PT06M32.00S,06:32,Q4 06:32,82,86,1610612757.0,Brogdon,MISS M. Brogdon 26' 3PT,substitution,rebound,4,High
22300105,558,rebound,4,PT06M29.00S,06:29,Q4 06:29,82,86,1610612761.0,Dick,G. Dick REBOUND (Off:1 Def:2),3pt missed,3pt missed,4,High
22300105,559,3pt,4,PT06M12.00S,06:12,Q4 06:12,82,86,1610612761.0,Dick,MISS G. Dick 26' 3PT,rebound,rebound,4,High
22300105,560,rebound,4,PT06M10.00S,06:10,Q4 06:10,82,86,1610612757.0,Ayton,D. Ayton REBOUND (Off:5 Def:12),3pt missed,2pt missed,4,High
22300105,561,2pt,4,PT06M01.00S,06:01,Q4 06:01,82,86,1610612757.0,Henderson,MISS S. Henderson 9' driving floating Shot,rebound,rebound,4,High
22300105,562,rebound,4,PT05M58.00S,05:58,Q4 05:58,82,86,1610612761.0,Siakam,P. Siakam REBOUND (Off:1 Def:5),2pt missed,2pt made,4,High
22300105,563,2pt,4,PT05M42.00S,05:42,Q4 05:42,84,86,1610612761.0,Poeltl,J. Poeltl Layup (13 PTS) (P. Siakam 3 AST),rebound,foul,2,High
22300105,565,foul,4,PT05M42.00S,05:42,Q4 05:42,84,86,1610612757.0,Henderson,S. Henderson shooting personal FOUL (4 PF) (Poeltl 1 FT),2pt made,freethrow,2,High
22300105,567,freethrow,4,PT05M42.00S,05:42,Q4 05:42,85,86,1610612761.0,Poeltl,J. Poeltl Free Throw 1 of 1 (14 PTS),foul,2pt missed,1,High
22300105,568,2pt,4,PT05M26.00S,05:26,Q4 05:26,85,86,1610612757.0,Sharpe,MISS S. Sharpe driving floating bank Shot,freethrow,rebound,1,High
22300105,569,rebound,4,PT05M24.00S,05:24,Q4 05:24,85,86,1610612761.0,Dick,G. Dick REBOUND (Off:1 Def:3),2pt missed,2pt missed,1,High
22300105,570,2pt,4,PT05M14.00S,05:14,Q4 05:14,85,86,1610612761.0,Barnes,MISS S. Barnes driving finger roll Layup,rebound,rebound,1,High
22300105,571,rebound,4,PT05M12.00S,05:12,Q4 05:12,85,86,1610612757.0,Ayton,D. Ayton REBOUND (Off:5 Def:13),2pt missed,2pt made,1,High
22300105,572,2pt,4,PT05M00.00S,05:00,Q4 05:00,85,88,1610612757.0,Grant,J. Grant 7' driving floating Jump Shot (17 PTS) (M. Brogdon 4 AST),rebound,3pt missed,3,High
22300105,574,3pt,4,PT04M38.00S,04:38,Q4 04:38,85,88,1610612761.0,Barnes,MISS S. Barnes 25' pullup 3PT,2pt made,rebound,3,High
22300105,575,rebound,4,PT04M35.00S,04:35,Q4 04:35,85,88,1610612757.0,Ayton,D. Ayton REBOUND (Off:5 Def:14),3pt missed,2pt missed,3,High
22300105,576,2pt,4,PT04M17.00S,04:17,Q4 04:17,85,88,1610612757.0,Ayton,MISS D. Ayton 13' Jump Shot,rebound,rebound,3,High
22300105,577,rebound,4,PT04M15.00S,04:15,Q4 04:15,85,88,1610612761.0,Dick,G. Dick REBOUND (Off:1 Def:4),2pt missed,turnover,3,High
22300105,578,turnover,4,PT03M59.00S,03:59,Q4 03:59,85,88,1610612761.0,Schroder,D. Schroder lost ball TURNOVER (1 TO),rebound,steal,3,High
22300105,579,steal,4,PT03M59.00S,03:59,Q4 03:59,85,88,1610612757.0,Henderson,S. Henderson STEAL (2 STL),turnover,2pt missed,3,High
22300105,580,2pt,4,PT03M38.00S,03:38,Q4 03:38,85,88,1610612757.0,Brogdon,MISS M. Brogdon driving finger roll Layup,steal,rebound,3,High
22300105,581,rebound,4,PT03M36.00S,03:36,Q4 03:36,85,88,1610612761.0,Dick,G. Dick REBOUND (Off:1 Def:5),2pt missed,substitution,3,High
22300105,583,substitution,4,PT03M30.00S,03:30,Q4 03:30,85,88,1610612761.0,Dick,SUB out: G. Dick,rebound,substitution,3,High
22300105,584,substitution,4,PT03M30.00S,03:30,Q4 03:30,85,88,1610612761.0,Anunoby,SUB in: O. Anunoby,substitution,2pt made,3,High
22300105,585,2pt,4,PT03M25.00S,03:25,Q4 03:25,87,88,1610612761.0,Schroder,D. Schroder 11' pullup Jump Shot (8 PTS) (J. Poeltl 1 AST),substitution,foul,1,High
22300105,586,foul,4,PT03M14.00S,03:14,Q4 03:14,87,88,1610612757.0,Henderson,S. Henderson offensive FOUL (5 PF),2pt made,turnover,1,High
22300105,588,turnover,4,PT03M14.00S,03:14,Q4 03:14,87,88,1610612757.0,Henderson,S. Henderson offensive foul TURNOVER (4 TO),foul,timeout,1,High
22300105,589,timeout,4,PT03M14.00S,03:14,Q4 03:14,87,88,1610612757.0,,POR Timeout,turnover,3pt missed,1,High
22300105,591,3pt,4,PT03M00.00S,03:00,Q4 03:00,87,88,1610612761.0,Anunoby,MISS O. Anunoby 24' 3PT,timeout,rebound,1,High
22300105,592,rebound,4,PT02M57.00S,02:57,Q4 02:57,87,88,1610612757.0,Ayton,D. Ayton REBOUND (Off:5 Def:15),3pt missed,3pt made,1,High
22300105,593,3pt,4,PT02M41.00S,02:41,Q4 02:41,87,91,1610612757.0,Grant,J. Grant 3PT  (20 PTS) (M. Brogdon 5 AST),rebound,turnover,4,High
22300105,595,turnover,4,PT02M16.00S,02:16,Q4 02:16,87,91,1610612761.0,Barnes,S. Barnes bad pass out-of-bounds TURNOVER (4 TO),3pt made,2pt made,4,High
22300105,596,2pt,4,PT01M56.00S,01:56,Q4 01:56,87,93,1610612757.0,Brogdon,M. Brogdon driving finger roll Layup (17 PTS),turnover,foul,6,High
22300105,597,foul,4,PT01M44.00S,01:44,Q4 01:44,87,93,1610612757.0,Henderson,S. Henderson personal FOUL (6 PF),2pt made,substitution,6,High
22300105,599,substitution,4,PT01M44.00S,01:44,Q4 01:44,87,93,1610612761.0,Poeltl,SUB out: J. Poeltl,foul,substitution,6,High
22300105,600,substitution,4,PT01M44.00S,01:44,Q4 01:44,87,93,1610612761.0,Trent Jr.,SUB in: G. Trent Jr.,substitution,substitution,6,High
22300105,601,substitution,4,PT01M44.00S,01:44,Q4 01:44,87,93,1610612757.0,Henderson,SUB out: S. Henderson,substitution,substitution,6,High
22300105,602,substitution,4,PT01M44.00S,01:44,Q4 01:44,87,93,1610612757.0,Camara,SUB in: T. Camara,substitution,2pt made,6,High
22300105,603,2pt,4,PT01M39.00S,01:39,Q4 01:39,89,93,1610612761.0,Schroder,D. Schroder driving finger roll Layup (10 PTS),substitution,2pt missed,4,Very High
22300105,604,2pt,4,PT01M24.00S,01:24,Q4 01:24,89,93,1610612757.0,Brogdon,MISS M. Brogdon 13' fadeaway bank Shot,2pt made,rebound,4,Very High
22300105,605,rebound,4,PT01M21.00S,01:21,Q4 01:21,89,93,1610612757.0,Ayton,D. Ayton REBOUND (Off:6 Def:15),2pt missed,2pt made,4,Very High
22300105,606,2pt,4,PT01M14.00S,01:14,Q4 01:14,89,95,1610612757.0,Brogdon,M. Brogdon cutting Layup (19 PTS) (D. Ayton 2 AST),rebound,2pt made,6,High
22300105,608,2pt,4,PT01M03.00S,01:03,Q4 01:03,91,95,1610612761.0,Siakam,P. Siakam driving finger roll Layup (20 PTS) (D. Schroder 8 AST),2pt made,3pt missed,4,Very High
22300105,610,3pt,4,PT00M42.00S,00:42,Q4 00:42,91,95,1610612757.0,Grant,MISS J. Grant 26' pullup 3PT,2pt made,rebound,4,Very High
22300105,611,rebound,4,PT00M38.60S,00:38,Q4 00:38,91,95,1610612757.0,Ayton,D. Ayton REBOUND (Off:7 Def:15),3pt missed,2pt made,4,Very High
22300105,612,2pt,4,PT00M25.90S,00:25,Q4 00:25,91,97,1610612757.0,Brogdon,M. Brogdon driving Layup (21 PTS),rebound,timeout,6,High
22300105,613,timeout,4,PT00M25.90S,00:25,Q4 00:25,91,97,1610612761.0,,TOR Timeout,2pt made,2pt missed,6,High
22300105,614,2pt,4,PT00M21.50S,00:21,Q4 00:21,91,97,1610612761.0,Trent Jr.,MISS G. Trent Jr. driving Layup,timeout,rebound,6,High
22300105,615,rebound,4,PT00M20.10S,00:20,Q4 00:20,91,97,1610612757.0,Ayton,D. Ayton REBOUND (Off:7 Def:16),2pt missed,foul,6,High
22300105,616,foul,4,PT00M20.10S,00:20,Q4 00:20,91,97,1610612761.0,Barnes,S. Barnes personal FOUL (3 PF) (Grant 2 FT),rebound,freethrow,6,High
22300105,618,freethrow,4,PT00M20.10S,00:20,Q4 00:20,91,98,1610612757.0,Grant,J. Grant Free Throw 1 of 2 (21 PTS),foul,freethrow,7,High
22300105,619,freethrow,4,PT00M20.10S,00:20,Q4 00:20,91,99,1610612757.0,Grant,J. Grant Free Throw 2 of 2 (22 PTS),freethrow,3pt missed,8,High
22300105,620,3pt,4,PT00M15.80S,00:15,Q4 00:15,91,99,1610612761.0,Siakam,MISS P. Siakam 28' 3PT,freethrow,rebound,8,High
22300105,621,rebound,4,PT00M12.10S,00:12,Q4 00:12,91,99,1610612757.0,Brogdon,M. Brogdon REBOUND (Off:1 Def:2),3pt missed,,8,High
