game_id,actionNumber,actionType,period,clock,clock_display,game_clock,scoreHome,scoreAway,teamId,playerName,description,previous_action,next_action,score_margin,leverage_bucket
22100239,7,2pt,1,PT11M43.00S,11:43,Q1 11:43,0,0,1610612752.0,Barrett,MISS R. Barrett driving Layup,,rebound,0,Low
22100239,8,rebound,1,PT11M41.00S,11:41,Q1 11:41,0,0,1610612745.0,Theis,D. Theis REBOUND (Off:0 Def:1),2pt missed,3pt missed,0,Low
22100239,9,3pt,1,PT11M24.00S,11:24,Q1 11:24,0,0,1610612745.0,Gordon,MISS E. Gordon 24' 3PT,rebound,rebound,0,Low
22100239,10,rebound,1,PT11M22.00S,11:22,Q1 11:22,0,0,1610612745.0,Green,J. Green REBOUND (Off:1 Def:0),3pt missed,turnover,0,Low
22100239,11,turnover,1,PT11M16.00S,11:16,Q1 11:16,0,0,1610612745.0,Green,J. Green bad pass TURNOVER (1 TO),rebound,steal,0,Low
22100239,12,steal,1,PT11M16.00S,11:16,Q1 11:16,0,0,1610612752.0,Fournier,E. Fournier STEAL (1 STL),turnover,2pt missed,0,Low
22100239,13,2pt,1,PT11M09.00S,11:09,Q1 11:09,0,0,1610612752.0,Randle,MISS J. Randle 9' fadeaway Shot,steal,rebound,0,Low
22100239,14,rebound,1,PT11M07.00S,11:07,Q1 11:07,0,0,1610612745.0,Wood,C. Wood REBOUND (Off:0 Def:1),2pt missed,turnover,0,Low
22100239,15,turnover,1,PT10M59.00S,10:59,Q1 10:59,0,0,1610612745.0,Gordon,E. Gordon bad pass out-of-bounds TURNOVER (1 TO),rebound,2pt missed,0,Low
22100239,16,2pt,1,PT10M46.00S,10:46,Q1 10:46,0,0,1610612752.0,Robinson,MISS M. Robinson alley-oop DUNK,turnover,rebound,0,Low
22100239,17,rebound,1,PT10M44.00S,10:44,Q1 10:44,0,0,1610612745.0,Gordon,E. Gordon REBOUND (Off:0 Def:1),2pt missed,foul,0,Low
22100239,18,foul,1,PT10M41.00S,10:41,Q1 10:41,0,0,1610612752.0,Walker,K. Walker personal FOUL (1 PF),rebound,turnover,0,Low
22100239,20,turnover,1,PT10M32.00S,10:32,Q1 10:32,0,0,1610612745.0,Green,J. Green bad pass TURNOVER (2 TO),foul,steal,0,Low
22100239,21,steal,1,PT10M32.00S,10:32,Q1 10:32,0,0,1610612752.0,Barrett,R. Barrett STEAL (1 STL),turnover,2pt made,0,Low
22100239,22,2pt,1,PT10M22.00S,10:22,Q1 10:22,2,0,1610612752.0,Robinson,M. Robinson cutting DUNK (2 PTS) (K. Walker 1 AST),steal,2pt made,2,Low
22100239,24,2pt,1,PT09M57.00S,09:57,Q1 09:57,2,2,1610612745.0,Green,J. Green alley-oop Layup (2 PTS) (D. Theis 1 AST),2pt made,3pt made,0,Low
22100239,26,3pt,1,PT09M37.00S,09:37,Q1 09:37,5,2,1610612752.0,Randle,J. Randle 25' 3PT  (3 PTS) (R. Barrett 1 AST),2pt made,3pt missed,3,Low
22100239,28,3pt,1,PT09M20.00S,09:20,Q1 09:20,5,2,1610612745.0,Wood,MISS C. Wood 24' 3PT,3pt made,rebound,3,Low
22100239,29,rebound,1,PT09M18.00S,09:18,Q1 09:18,5,2,1610612745.0,Tate,J. Tate REBOUND (Off:1 Def:0),3pt missed,2pt missed,3,Low
22100239,30,2pt,1,PT09M15.00S,09:15,Q1 09:15,5,2,1610612745.0,Tate,MISS J. Tate driving Layup,rebound,rebound,3,Low
22100239,31,rebound,1,PT09M13.00S,09:13,Q1 09:13,5,2,1610612745.0,Tate,J. Tate REBOUND (Off:2 Def:0),2pt missed,2pt missed,3,Low
22100239,32,2pt,1,PT09M13.00S,09:13,Q1 09:13,5,2,1610612745.0,Tate,MISS J. Tate tip Layup,rebound,rebound,3,Low
22100239,33,rebound,1,PT09M11.00S,09:11,Q1 09:11,5,2,1610612752.0,Robinson,M. Robinson REBOUND (Off:0 Def:1),2pt missed,3pt missed,3,Low
22100239,34,3pt,1,PT09M04.00S,09:04,Q1 09:04,5,2,1610612752.0,Randle,MISS J. Randle 25' pullup 3PT,rebound,rebound,3,Low
22100239,35,rebound,1,PT09M02.00S,09:02,Q1 09:02,5,2,1610612745.0,Theis,D. Theis REBOUND (Off:0 Def:2),3pt missed,3pt missed,3,Low
22100239,36,3pt,1,PT08M57.00S,08:57,Q1 08:57,5,2,1610612745.0,Theis,MISS D. Theis 24' 3PT,rebound,rebound,3,Low
22100239,37,rebound,1,PT08M55.00S,08:55,Q1 08:55,5,2,1610612752.0,Randle,J. Randle REBOUND (Off:0 Def:1),3pt missed,turnover,3,Low
22100239,38,turnover,1,PT08M51.00S,08:51,Q1 08:51,5,2,1610612752.0,Randle,J. Randle bad pass out-of-bounds TURNOVER (1 TO),rebound,turnover,3,Low
22100239,39,turnover,1,PT08M36.00S,08:36,Q1 08:36,5,2,1610612745.0,Gordon,E. Gordon bad pass TURNOVER (2 TO),turnover,steal,3,Low
22100239,40,steal,1,PT08M36.00S,08:36,Q1 08:36,5,2,1610612752.0,Walker,K. Walker STEAL (1 STL),turnover,3pt missed,3,Low
22100239,41,3pt,1,PT08M31.00S,08:31,Q1 08:31,5,2,1610612752.0,Barrett,MISS R. Barrett 26' 3PT,steal,rebound,3,Low
22100239,42,rebound,1,PT08M29.00S,08:29,Q1 08:29,5,2,1610612745.0,Theis,D. Theis REBOUND (Off:0 Def:3),3pt missed,foul,3,Low
22100239,43,foul,1,PT08M23.00S,08:23,Q1 08:23,5,2,1610612745.0,Tate,J. Tate offensive FOUL (1 PF),rebound,turnover,3,Low
22100239,45,turnover,1,PT08M23.00S,08:23,Q1 08:23,5,2,1610612745.0,Tate,J. Tate offensive foul TURNOVER (1 TO),foul,2pt missed,3,Low
22100239,46,2pt,1,PT08M05.00S,08:05,Q1 08:05,5,2,1610612752.0,Randle,MISS J. Randle 7' turnaround Hook,turnover,rebound,3,Low
22100239,47,rebound,1,PT08M03.00S,08:03,Q1 08:03,5,2,1610612745.0,Wood,C. Wood REBOUND (Off:0 Def:2),2pt missed,turnover,3,Low
22100239,48,turnover,1,PT07M59.00S,07:59,Q1 07:59,5,2,1610612745.0,Wood,C. Wood bad pass out-of-bounds TURNOVER (1 TO),rebound,3pt missed,3,Low
22100239,49,3pt,1,PT07M48.00S,07:48,Q1 07:48,5,2,1610612752.0,Walker,MISS K. Walker 24' pullup 3PT,turnover,rebound,3,Low
22100239,50,rebound,1,PT07M46.00S,07:46,Q1 07:46,5,2,1610612745.0,Tate,J. Tate REBOUND (Off:2 Def:1),3pt missed,2pt made,3,Low
22100239,51,2pt,1,PT07M37.00S,07:37,Q1 07:37,5,4,1610612745.0,Wood,C. Wood driving Layup (2 PTS) (J. Tate 1 AST),rebound,3pt missed,1,Low
22100239,53,3pt,1,PT07M18.00S,07:18,Q1 07:18,5,4,1610612752.0,Barrett,MISS R. Barrett 24' 3PT,2pt made,rebound,1,Low
22100239,54,rebound,1,PT07M16.00S,07:16,Q1 07:16,5,4,1610612752.0,Robinson,M. Robinson REBOUND (Off:1 Def:1),3pt missed,3pt missed,1,Low
22100239,55,3pt,1,PT07M13.00S,07:13,Q1 07:13,5,4,1610612752.0,Fournier,MISS E. Fournier 29' 3PT,rebound,rebound,1,Low
22100239,56,rebound,1,PT07M11.00S,07:11,Q1 07:11,5,4,1610612745.0,Theis,D. Theis REBOUND (Off:0 Def:4),3pt missed,3pt missed,1,Low
22100239,57,3pt,1,PT07M03.00S,07:03,Q1 07:03,5,4,1610612745.0,Gordon,MISS E. Gordon 25' pullup 3PT,rebound,rebound,1,Low
22100239,58,rebound,1,PT07M02.00S,07:02,Q1 07:02,5,4,1610612752.0,Robinson,M. Robinson REBOUND (Off:1 Def:2),3pt missed,2pt missed,1,Low
22100239,59,2pt,1,PT06M50.00S,06:50,Q1 06:50,5,4,1610612752.0,Randle,MISS J. Randle Layup,rebound,rebound,1,Low
22100239,60,rebound,1,PT06M49.00S,06:49,Q1 06:49,5,4,1610612745.0,,TEAM defensive REBOUND,2pt missed,timeout,1,Low
22100239,62,timeout,1,PT06M48.00S,06:48,Q1 06:48,5,4,1610612752.0,,NYK Timeout,rebound,turnover,1,Low
22100239,63,turnover,1,PT06M35.00S,06:35,Q1 06:35,5,4,1610612745.0,Theis,D. Theis bad pass out-of-bounds TURNOVER (1 TO),timeout,3pt made,1,Low
22100239,64,3pt,1,PT06M21.00S,06:21,Q1 06:21,8,4,1610612752.0,Barrett,R. Barrett 25' 3PT  (3 PTS) (K. Walker 2 AST),turnover,3pt missed,4,Low
22100239,66,3pt,1,PT06M04.00S,06:04,Q1 06:04,8,4,1610612745.0,Tate,MISS J. Tate 25' pullup 3PT,3pt made,rebound,4,Low
22100239,67,rebound,1,PT06M02.00S,06:02,Q1 06:02,8,4,1610612752.0,Randle,J. Randle REBOUND (Off:0 Def:2),3pt missed,3pt missed,4,Low
22100239,68,3pt,1,PT05M50.00S,05:50,Q1 05:50,8,4,1610612752.0,Barrett,MISS R. Barrett 24' 3PT,rebound,rebound,4,Low
22100239,69,rebound,1,PT05M48.00S,05:48,Q1 05:48,8,4,1610612745.0,Wood,C. Wood REBOUND (Off:0 Def:3),3pt missed,2pt made,4,Low
22100239,70,2pt,1,PT05M37.00S,05:37,Q1 05:37,8,6,1610612745.0,Wood,C. Wood cutting DUNK (4 PTS) (E. Gordon 1 AST),rebound,2pt missed,2,Low
22100239,72,2pt,1,PT05M23.00S,05:23,Q1 05:23,8,6,1610612752.0,Walker,MISS K. Walker driving floating Shot,2pt made,rebound,2,Low
22100239,73,rebound,1,PT05M22.00S,05:22,Q1 05:22,8,6,1610612745.0,,TEAM defensive REBOUND,2pt missed,foul,2,Low
22100239,74,foul,1,PT05M22.00S,05:22,Q1 05:22,8,6,1610612752.0,Robinson,M. Robinson loose ball personal FOUL (1 PF),rebound,substitution,2,Low
22100239,77,substitution,1,PT05M22.00S,05:22,Q1 05:22,8,6,1610612745.0,Tate,SUB out: J. Tate,foul,substitution,2,Low
22100239,78,substitution,1,PT05M22.00S,05:22,Q1 05:22,8,6,1610612745.0,Theis,SUB out: D. Theis,substitution,substitution,2,Low
22100239,79,substitution,1,PT05M22.00S,05:22,Q1 05:22,8,6,1610612745.0,Martin Jr.,SUB in: K. Martin Jr.,substitution,substitution,2,Low
22100239,80,substitution,1,PT05M22.00S,05:22,Q1 05:22,8,6,1610612745.0,Sengun,SUB in: A. Sengun,substitution,3pt missed,2,Low
22100239,81,3pt,1,PT05M09.00S,05:09,Q1 05:09,8,6,1610612745.0,Martin Jr.,MISS K. Martin Jr. 3PT,substitution,rebound,2,Low
22100239,82,rebound,1,PT05M07.00S,05:07,Q1 05:07,8,6,1610612745.0,Sengun,A. Sengun REBOUND (Off:1 Def:0),3pt missed,2pt missed,2,Low
22100239,83,2pt,1,PT04M57.00S,04:57,Q1 04:57,8,6,1610612745.0,Sengun,MISS A. Sengun 10' fadeaway Shot,rebound,rebound,2,Low
22100239,84,rebound,1,PT04M55.00S,04:55,Q1 04:55,8,6,1610612752.0,Robinson,M. Robinson REBOUND (Off:1 Def:3),2pt missed,3pt missed,2,Low
22100239,85,3pt,1,PT04M45.00S,04:45,Q1 04:45,8,6,1610612752.0,Randle,MISS J. Randle 25' 3PT,rebound,rebound,2,Low
22100239,86,rebound,1,PT04M43.00S,04:43,Q1 04:43,8,6,1610612745.0,Martin Jr.,K. Martin Jr. REBOUND (Off:0 Def:1),3pt missed,3pt made,2,Low
22100239,87,3pt,1,PT04M35.00S,04:35,Q1 04:35,8,9,1610612745.0,Gordon,E. Gordon 24' 3PT  (3 PTS) (C. Wood 1 AST),rebound,timeout,1,Low
22100239,89,timeout,1,PT04M29.00S,04:29,Q1 04:29,8,9,1610612752.0,,NYK Timeout,3pt made,substitution,1,Low
22100239,90,substitution,1,PT04M29.00S,04:29,Q1 04:29,8,9,1610612752.0,Robinson,SUB out: M. Robinson,timeout,substitution,1,Low
22100239,91,substitution,1,PT04M29.00S,04:29,Q1 04:29,8,9,1610612752.0,Noel,SUB in: N. Noel,substitution,3pt made,1,Low
22100239,92,3pt,1,PT04M13.00S,04:13,Q1 04:13,11,9,1610612752.0,Fournier,E. Fournier 25' 3PT  (3 PTS) (J. Randle 1 AST),substitution,3pt missed,2,Low
22100239,94,3pt,1,PT03M59.00S,03:59,Q1 03:59,11,9,1610612745.0,Green,MISS J. Green 3PT,3pt made,rebound,2,Low
22100239,95,rebound,1,PT03M57.00S,03:57,Q1 03:57,11,9,1610612752.0,Randle,J. Randle REBOUND (Off:0 Def:3),3pt missed,foul,2,Low
22100239,96,foul,1,PT03M57.00S,03:57,Q1 03:57,11,9,1610612752.0,Noel,N. Noel flagrant-type-1 personal FOUL (1 PF) (Sengun 2 FT),rebound,turnover,2,Low
22100239,98,turnover,1,PT03M57.00S,03:57,Q1 03:57,11,9,1610612752.0,Noel,N. Noel TURNOVER (1 TO),foul,freethrow,2,Low
22100239,100,freethrow,1,PT03M57.00S,03:57,Q1 03:57,11,10,1610612745.0,Sengun,A. Sengun flagrant Free Throw 1 of 2 (1 PTS),turnover,freethrow,1,Low
22100239,101,freethrow,1,PT03M57.00S,03:57,Q1 03:57,11,10,1610612745.0,Sengun,MISS A. Sengun flagrant Free Throw 2 of 2,freethrow,rebound,1,Low
22100239,102,rebound,1,PT03M57.00S,03:57,Q1 03:57,11,10,1610612745.0,,TEAM offensive REBOUND,freethrow,foul,1,Low
22100239,103,foul,1,PT03M50.00S,03:50,Q1 03:50,11,10,1610612752.0,Noel,N. Noel shooting personal FOUL (2 PF) (Gordon 2 FT),rebound,freethrow,1,Low
22100239,105,freethrow,1,PT03M50.00S,03:50,Q1 03:50,11,10,1610612745.0,Gordon,MISS E. Gordon Free Throw 1 of 2,foul,rebound,1,Low
22100239,106,rebound,1,PT03M50.00S,03:50,Q1 03:50,11,10,1610612745.0,,TEAM offensive REBOUND,freethrow,freethrow,1,Low
22100239,109,freethrow,1,PT03M50.00S,03:50,Q1 03:50,11,11,1610612745.0,Gordon,E. Gordon Free Throw 2 of 2 (4 PTS),rebound,substitution,0,Low
22100239,107,substitution,1,PT03M50.00S,03:50,Q1 03:50,11,10,1610612752.0,Walker,SUB out: K. Walker,freethrow,substitution,1,Low
22100239,108,substitution,1,PT03M50.00S,03:50,Q1 03:50,11,10,1610612752.0,Rose,SUB in: D. Rose,substitution,2pt missed,1,Low
22100239,110,2pt,1,PT03M35.00S,03:35,Q1 03:35,11,11,1610612752.0,Barrett,MISS R. Barrett driving Layup - blocked,substitution,block,0,Low
22100239,111,block,1,PT03M35.00S,03:35,Q1 03:35,11,11,1610612745.0,Martin Jr.,K. Martin Jr. BLOCK (1 BLK),2pt missed,rebound,0,Low
22100239,112,rebound,1,PT03M33.00S,03:33,Q1 03:33,11,11,1610612745.0,Martin Jr.,K. Martin Jr. REBOUND (Off:0 Def:2),block,3pt missed,0,Low
22100239,113,3pt,1,PT03M27.00S,03:27,Q1 03:27,11,11,1610612745.0,Gordon,MISS E. Gordon 29' 3PT,rebound,rebound,0,Low
22100239,114,rebound,1,PT03M25.00S,03:25,Q1 03:25,11,11,1610612752.0,Noel,N. Noel REBOUND (Off:0 Def:1),3pt missed,2pt missed,0,Low
22100239,115,2pt,1,PT03M12.00S,03:12,Q1 03:12,11,11,1610612752.0,Rose,MISS D. Rose 19' pullup Shot,rebound,rebound,0,Low
22100239,116,rebound,1,PT03M09.00S,03:09,Q1 03:09,11,11,1610612745.0,Wood,C. Wood REBOUND (Off:0 Def:4),2pt missed,turnover,0,Low
22100239,117,turnover,1,PT03M09.00S,03:09,Q1 03:09,11,11,1610612745.0,Wood,C. Wood bad pass out-of-bounds TURNOVER (2 TO),rebound,2pt missed,0,Low
22100239,118,2pt,1,PT02M45.00S,02:45,Q1 02:45,11,11,1610612752.0,Barrett,MISS R. Barrett cutting DUNK - blocked,turnover,block,0,Low
22100239,119,block,1,PT02M45.00S,02:45,Q1 02:45,11,11,1610612745.0,Wood,C. Wood BLOCK (1 BLK),2pt missed,rebound,0,Low
22100239,120,rebound,1,PT02M43.00S,02:43,Q1 02:43,11,11,1610612745.0,Wood,C. Wood REBOUND (Off:0 Def:5),block,2pt made,0,Low
22100239,121,2pt,1,PT02M37.00S,02:37,Q1 02:37,11,13,1610612745.0,Green,J. Green driving Layup (4 PTS),rebound,foul,2,Low
22100239,122,foul,1,PT02M23.00S,02:23,Q1 02:23,11,13,1610612745.0,Sengun,A. Sengun personal FOUL (1 PF),2pt made,substitution,2,Low
22100239,132,substitution,1,PT02M23.00S,02:23,Q1 02:23,11,13,1610612752.0,Fournier,SUB out: E. Fournier,foul,substitution,2,Low
22100239,133,substitution,1,PT02M23.00S,02:23,Q1 02:23,11,13,1610612745.0,Gordon,SUB out: E. Gordon,substitution,substitution,2,Low
22100239,134,substitution,1,PT02M23.00S,02:23,Q1 02:23,11,13,1610612745.0,Green,SUB out: J. Green,substitution,substitution,2,Low
22100239,135,substitution,1,PT02M23.00S,02:23,Q1 02:23,11,13,1610612752.0,Burks,SUB in: A. Burks,substitution,substitution,2,Low
22100239,136,substitution,1,PT02M23.00S,02:23,Q1 02:23,11,13,1610612745.0,Mathews,SUB in: G. Mathews,substitution,substitution,2,Low
22100239,137,substitution,1,PT02M23.00S,02:23,Q1 02:23,11,13,1610612745.0,Augustin,SUB in: D. Augustin,substitution,turnover,2,Low
22100239,124,turnover,1,PT02M09.00S,02:09,Q1 02:09,11,13,1610612752.0,,NYK shot clock Team TURNOVER,substitution,3pt missed,2,Low
22100239,125,3pt,1,PT01M50.00S,01:50,Q1 01:50,11,13,1610612745.0,Augustin,MISS D. Augustin 24' pullup 3PT,turnover,rebound,2,Low
22100239,126,rebound,1,PT01M48.00S,01:48,Q1 01:48,11,13,1610612745.0,Sengun,A. Sengun REBOUND (Off:2 Def:0),3pt missed,2pt made,2,Low
22100239,127,2pt,1,PT01M39.00S,01:39,Q1 01:39,11,15,1610612745.0,Sengun,A. Sengun tip Layup (3 PTS),rebound,2pt missed,4,Low
22100239,128,2pt,1,PT01M35.00S,01:35,Q1 01:35,11,15,1610612752.0,Rose,MISS D. Rose 7' Jump Shot,2pt made,rebound,4,Low
22100239,129,rebound,1,PT01M32.00S,01:32,Q1 01:32,11,15,1610612745.0,Wood,C. Wood REBOUND (Off:0 Def:6),2pt missed,3pt made,4,Low
22100239,130,3pt,1,PT01M26.00S,01:26,Q1 01:26,11,18,1610612745.0,Mathews,G. Mathews 25' 3PT  (3 PTS) (D. Augustin 1 AST),rebound,2pt made,7,Low
22100239,138,2pt,1,PT01M06.00S,01:06,Q1 01:06,13,18,1610612752.0,Randle,J. Randle cutting DUNK (5 PTS) (D. Rose 1 AST),3pt made,foul,5,Low
22100239,140,foul,1,PT00M58.40S,00:58,Q1 00:58,13,18,1610612752.0,Barrett,R. Barrett personal FOUL (1 PF) (Augustin 2 FT),2pt made,freethrow,5,Low
22100239,142,freethrow,1,PT00M58.40S,00:58,Q1 00:58,13,19,1610612745.0,Augustin,D. Augustin Free Throw 1 of 2 (1 PTS),foul,freethrow,6,Low
22100239,147,freethrow,1,PT00M58.40S,00:58,Q1 00:58,13,20,1610612745.0,Augustin,D. Augustin Free Throw 2 of 2 (2 PTS),freethrow,substitution,7,Low
22100239,143,substitution,1,PT00M58.40S,00:58,Q1 00:58,13,18,1610612752.0,Barrett,SUB out: R. Barrett,freethrow,substitution,5,Low
22100239,144,substitution,1,PT00M58.40S,00:58,Q1 00:58,13,18,1610612752.0,Randle,SUB out: J. Randle,substitution,substitution,5,Low
22100239,145,substitution,1,PT00M58.40S,00:58,Q1 00:58,13,18,1610612752.0,Toppin,SUB in: O. Toppin,substitution,substitution,5,Low
22100239,146,substitution,1,PT00M58.40S,00:58,Q1 00:58,13,18,1610612752.0,Quickley,SUB in: I. Quickley,substitution,turnover,5,Low
22100239,148,turnover,1,PT00M37.60S,00:37,Q1 00:37,13,20,1610612752.0,Noel,N. Noel bad pass TURNOVER (2 TO),substitution,steal,7,Low
22100239,149,steal,1,PT00M37.60S,00:37,Q1 00:37,13,20,1610612745.0,Augustin,D. Augustin STEAL (1 STL),turnover,foul,7,Low
22100239,150,foul,1,PT00M34.10S,00:34,Q1 00:34,13,20,1610612752.0,Quickley,I. Quickley personal FOUL (1 PF) (Augustin 2 FT),steal,freethrow,7,Low
22100239,152,freethrow,1,PT00M34.10S,00:34,Q1 00:34,13,20,1610612745.0,Augustin,MISS D. Augustin Free Throw 1 of 2,foul,rebound,7,Low
22100239,153,rebound,1,PT00M34.10S,00:34,Q1 00:34,13,20,1610612745.0,,TEAM offensive REBOUND,freethrow,freethrow,7,Low
22100239,154,freethrow,1,PT00M34.10S,00:34,Q1 00:34,13,21,1610612745.0,Augustin,D. Augustin Free Throw 2 of 2 (3 PTS),rebound,2pt missed,8,Low
22100239,155,2pt,1,PT00M25.40S,00:25,Q1 00:25,13,21,1610612752.0,Rose,MISS D. Rose 15' pullup Shot,freethrow,rebound,8,Low
22100239,156,rebound,1,PT00M22.80S,00:22,Q1 00:22,13,21,1610612745.0,Mathews,G. Mathews REBOUND (Off:0 Def:1),2pt missed,3pt missed,8,Low
22100239,157,3pt,1,PT00M02.80S,00:02,Q1 00:02,13,21,1610612745.0,Mathews,MISS G. Mathews 24' 3PT,rebound,rebound,8,Low
22100239,158,rebound,1,PT00M01.80S,00:01,Q1 00:01,13,21,1610612745.0,Mathews,G. Mathews REBOUND (Off:1 Def:1),3pt missed,3pt missed,8,Low
22100239,159,3pt,1,PT00M00.70S,00:00,Q1 00:00,13,21,1610612745.0,Mathews,MISS G. Mathews 3PT,rebound,rebound,8,Low
22100239,160,rebound,1,PT00M00.10S,00:00,Q1 00:00,13,21,1610612745.0,,TEAM offensive REBOUND,3pt missed,substitution,8,Low
22100239,162,substitution,2,PT12M00.00S,12:00,Q2 12:00,13,21,1610612745.0,Wood,SUB out: C. Wood,rebound,substitution,8,Low
22100239,163,substitution,2,PT12M00.00S,12:00,Q2 12:00,13,21,1610612745.0,Tate,SUB in: J. Tate,substitution,2pt missed,8,Low
22100239,165,2pt,2,PT11M35.00S,11:35,Q2 11:35,13,21,1610612745.0,Tate,MISS J. Tate Layup,substitution,rebound,8,Low
22100239,166,rebound,2,PT11M33.00S,11:33,Q2 11:33,13,21,1610612752.0,Noel,N. Noel REBOUND (Off:0 Def:2),2pt missed,3pt missed,8,Low
22100239,167,3pt,2,PT11M16.00S,11:16,Q2 11:16,13,21,1610612752.0,Quickley,MISS I. Quickley 25' step back 3PT,rebound,rebound,8,Low
22100239,168,rebound,2,PT11M14.00S,11:14,Q2 11:14,13,21,1610612745.0,Tate,J. Tate REBOUND (Off:2 Def:2),3pt missed,2pt made,8,Low
22100239,169,2pt,2,PT11M05.00S,11:05,Q2 11:05,13,23,1610612745.0,Tate,J. Tate driving Layup (2 PTS),rebound,3pt missed,10,Low
22100239,170,3pt,2,PT10M47.00S,10:47,Q2 10:47,13,23,1610612752.0,Rose,MISS D. Rose 25' 3PT,2pt made,rebound,10,Low
22100239,171,rebound,2,PT10M45.00S,10:45,Q2 10:45,13,23,1610612745.0,Tate,J. Tate REBOUND (Off:2 Def:3),3pt missed,3pt missed,10,Low
22100239,172,3pt,2,PT10M39.00S,10:39,Q2 10:39,13,23,1610612745.0,Mathews,MISS G. Mathews 25' 3PT,rebound,rebound,10,Low
22100239,173,rebound,2,PT10M37.00S,10:37,Q2 10:37,13,23,1610612752.0,Toppin,O. Toppin REBOUND (Off:0 Def:1),3pt missed,3pt made,10,Low
22100239,174,3pt,2,PT10M14.00S,10:14,Q2 10:14,16,23,1610612752.0,Burks,A. Burks 24' 3PT  (3 PTS) (N. Noel 1 AST),rebound,3pt made,7,Low
22100239,177,3pt,2,PT09M50.00S,09:50,Q2 09:50,16,26,1610612745.0,Tate,J. Tate 24' 3PT  (5 PTS),3pt made,foul,10,Low
22100239,178,foul,2,PT09M35.00S,09:35,Q2 09:35,16,26,1610612745.0,Sengun,A. Sengun shooting personal FOUL (2 PF) (Noel 2 FT),3pt made,freethrow,10,Low
22100239,180,freethrow,2,PT09M35.00S,09:35,Q2 09:35,17,26,1610612752.0,Noel,N. Noel Free Throw 1 of 2 (1 PTS),foul,freethrow,9,Low
22100239,183,freethrow,2,PT09M35.00S,09:35,Q2 09:35,18,26,1610612752.0,Noel,N. Noel Free Throw 2 of 2 (2 PTS),freethrow,substitution,8,Low
22100239,181,substitution,2,PT09M35.00S,09:35,Q2 09:35,16,26,1610612745.0,Martin Jr.,SUB out: K. Martin Jr.,freethrow,substitution,10,Low
22100239,182,substitution,2,PT09M35.00S,09:35,Q2 09:35,16,26,1610612745.0,House Jr.,SUB in: D. House Jr.,substitution,foul,10,Low
22100239,184,foul,2,PT09M19.00S,09:19,Q2 09:19,18,26,1610612752.0,Noel,N. Noel personal FOUL (3 PF),substitution,substitution,8,Low
22100239,186,substitution,2,PT09M19.00S,09:19,Q2 09:19,18,26,1610612752.0,Noel,SUB out: N. Noel,foul,substitution,8,Low
22100239,187,substitution,2,PT09M19.00S,09:19,Q2 09:19,18,26,1610612752.0,Robinson,SUB in: M. Robinson,substitution,turnover,8,Low
22100239,188,turnover,2,PT09M17.00S,09:17,Q2 09:17,18,26,1610612745.0,House Jr.,D. House Jr. bad pass TURNOVER (1 TO),substitution,steal,8,Low
22100239,189,steal,2,PT09M17.00S,09:17,Q2 09:17,18,26,1610612752.0,Burks,A. Burks STEAL (1 STL),turnover,foul,8,Low
22100239,191,foul,2,PT09M15.00S,09:15,Q2 09:15,18,26,1610612745.0,Sengun,A. Sengun shooting personal FOUL (3 PF) (Toppin 2 FT),steal,freethrow,8,Low
22100239,193,freethrow,2,PT09M15.00S,09:15,Q2 09:15,19,26,1610612752.0,Toppin,O. Toppin Free Throw 1 of 2 (1 PTS),foul,foul,7,Low
22100239,194,foul,2,PT09M15.00S,09:15,Q2 09:15,19,26,1610612752.0,Noel,N. Noel technical FOUL (1 Tech),freethrow,freethrow,7,Low
22100239,195,freethrow,2,PT09M15.00S,09:15,Q2 09:15,19,27,1610612745.0,Augustin,D. Augustin technical Free Throw 1 of 1 (4 PTS),foul,freethrow,8,Low
22100239,196,freethrow,2,PT09M15.00S,09:15,Q2 09:15,20,27,1610612752.0,Toppin,O. Toppin Free Throw 2 of 2 (2 PTS),freethrow,3pt missed,7,Low
22100239,197,3pt,2,PT08M59.00S,08:59,Q2 08:59,20,27,1610612745.0,Mathews,MISS G. Mathews 24' 3PT,freethrow,rebound,7,Low
22100239,198,rebound,2,PT08M57.00S,08:57,Q2 08:57,20,27,1610612752.0,Toppin,O. Toppin REBOUND (Off:0 Def:2),3pt missed,2pt made,7,Low
22100239,199,2pt,2,PT08M49.00S,08:49,Q2 08:49,22,27,1610612752.0,Rose,D. Rose driving Layup (2 PTS) (O. Toppin 1 AST),rebound,turnover,5,Low
22100239,201,turnover,2,PT08M39.00S,08:39,Q2 08:39,22,27,1610612745.0,Tate,J. Tate lost ball TURNOVER (2 TO),2pt made,steal,5,Low
22100239,202,steal,2,PT08M39.00S,08:39,Q2 08:39,22,27,1610612752.0,Rose,D. Rose STEAL (1 STL),turnover,3pt missed,5,Low
22100239,203,3pt,2,PT08M33.00S,08:33,Q2 08:33,22,27,1610612752.0,Toppin,MISS O. Toppin 26' 3PT,steal,rebound,5,Low
22100239,204,rebound,2,PT08M31.00S,08:31,Q2 08:31,22,27,1610612745.0,Mathews,G. Mathews REBOUND (Off:1 Def:2),3pt missed,2pt missed,5,Low
22100239,205,2pt,2,PT08M23.00S,08:23,Q2 08:23,22,27,1610612745.0,Sengun,MISS A. Sengun driving Layup - blocked,rebound,block,5,Low
22100239,206,block,2,PT08M23.00S,08:23,Q2 08:23,22,27,1610612752.0,Rose,D. Rose BLOCK (1 BLK),2pt missed,rebound,5,Low
22100239,207,rebound,2,PT08M21.00S,08:21,Q2 08:21,22,27,1610612745.0,,TEAM offensive REBOUND,block,substitution,5,Low
22100239,209,substitution,2,PT08M21.00S,08:21,Q2 08:21,22,27,1610612745.0,Augustin,SUB out: D. Augustin,rebound,substitution,5,Low
22100239,210,substitution,2,PT08M21.00S,08:21,Q2 08:21,22,27,1610612745.0,Mathews,SUB out: G. Mathews,substitution,substitution,5,Low
22100239,211,substitution,2,PT08M21.00S,08:21,Q2 08:21,22,27,1610612745.0,Gordon,SUB in: E. Gordon,substitution,substitution,5,Low
22100239,212,substitution,2,PT08M21.00S,08:21,Q2 08:21,22,27,1610612745.0,Green,SUB in: J. Green,substitution,3pt missed,5,Low
22100239,213,3pt,2,PT08M09.00S,08:09,Q2 08:09,22,27,1610612745.0,Gordon,MISS E. Gordon 26' 3PT,substitution,rebound,5,Low
22100239,214,rebound,2,PT08M07.00S,08:07,Q2 08:07,22,27,1610612752.0,Toppin,O. Toppin REBOUND (Off:0 Def:3),3pt missed,foul,5,Low
22100239,215,foul,2,PT07M48.00S,07:48,Q2 07:48,22,27,1610612745.0,House Jr.,D. House Jr. shooting personal FOUL (1 PF) (Toppin 2 FT),rebound,freethrow,5,Low
22100239,217,freethrow,2,PT07M48.00S,07:48,Q2 07:48,23,27,1610612752.0,Toppin,O. Toppin Free Throw 1 of 2 (3 PTS),foul,freethrow,4,Low
22100239,218,freethrow,2,PT07M48.00S,07:48,Q2 07:48,24,27,1610612752.0,Toppin,O. Toppin Free Throw 2 of 2 (4 PTS),freethrow,2pt missed,3,Low
22100239,219,2pt,2,PT07M28.00S,07:28,Q2 07:28,24,27,1610612745.0,Sengun,MISS A. Sengun driving Layup - blocked,freethrow,block,3,Low
22100239,220,block,2,PT07M28.00S,07:28,Q2 07:28,24,27,1610612752.0,Robinson,M. Robinson BLOCK (1 BLK),2pt missed,rebound,3,Low
22100239,221,rebound,2,PT07M26.00S,07:26,Q2 07:26,24,27,1610612752.0,Quickley,I. Quickley REBOUND (Off:0 Def:1),block,turnover,3,Low
22100239,222,turnover,2,PT07M25.00S,07:25,Q2 07:25,24,27,1610612752.0,Toppin,O. Toppin lost ball out-of-bounds TURNOVER (1 TO),rebound,timeout,3,Low
22100239,223,timeout,2,PT07M25.00S,07:25,Q2 07:25,24,27,1610612745.0,,HOU Timeout,turnover,substitution,3,Low
22100239,224,substitution,2,PT07M25.00S,07:25,Q2 07:25,24,27,1610612745.0,Sengun,SUB out: A. Sengun,timeout,substitution,3,Low
22100239,225,substitution,2,PT07M25.00S,07:25,Q2 07:25,24,27,1610612745.0,House Jr.,SUB out: D. House Jr.,substitution,substitution,3,Low
22100239,226,substitution,2,PT07M25.00S,07:25,Q2 07:25,24,27,1610612745.0,Theis,SUB in: D. Theis,substitution,substitution,3,Low
22100239,227,substitution,2,PT07M25.00S,07:25,Q2 07:25,24,27,1610612745.0,Brooks,SUB in: A. Brooks,substitution,2pt missed,3,Low
22100239,228,2pt,2,PT07M12.00S,07:12,Q2 07:12,24,27,1610612745.0,Theis,MISS D. Theis 16' Jump Shot,substitution,rebound,3,Low
22100239,229,rebound,2,PT07M10.00S,07:10,Q2 07:10,24,27,1610612752.0,Burks,A. Burks REBOUND (Off:0 Def:1),2pt missed,turnover,3,Low
22100239,230,turnover,2,PT06M53.00S,06:53,Q2 06:53,24,27,1610612752.0,Toppin,O. Toppin lost ball out-of-bounds TURNOVER (2 TO),rebound,turnover,3,Low
22100239,232,turnover,2,PT06M44.00S,06:44,Q2 06:44,24,27,1610612745.0,Gordon,E. Gordon bad pass TURNOVER (3 TO),turnover,steal,3,Low
22100239,233,steal,2,PT06M44.00S,06:44,Q2 06:44,24,27,1610612752.0,Robinson,M. Robinson STEAL (1 STL),turnover,foul,3,Low
22100239,235,foul,2,PT06M43.00S,06:43,Q2 06:43,24,27,1610612745.0,Tate,J. Tate take personal FOUL (2 PF),steal,2pt made,3,Low
22100239,237,2pt,2,PT06M31.00S,06:31,Q2 06:31,26,27,1610612752.0,Robinson,M. Robinson DUNK (4 PTS) (D. Rose 2 AST),foul,foul,1,Low
22100239,239,foul,2,PT06M22.00S,06:22,Q2 06:22,26,27,1610612752.0,Quickley,I. Quickley personal FOUL (2 PF),2pt made,substitution,1,Low
22100239,241,substitution,2,PT06M22.00S,06:22,Q2 06:22,26,27,1610612745.0,Tate,SUB out: J. Tate,foul,substitution,1,Low
22100239,242,substitution,2,PT06M22.00S,06:22,Q2 06:22,26,27,1610612745.0,Wood,SUB in: C. Wood,substitution,foul,1,Low
22100239,243,foul,2,PT06M20.00S,06:20,Q2 06:20,26,27,1610612752.0,Toppin,O. Toppin personal FOUL (1 PF),substitution,substitution,1,Low
22100239,245,substitution,2,PT06M20.00S,06:20,Q2 06:20,26,27,1610612752.0,Toppin,SUB out: O. Toppin,foul,substitution,1,Low
22100239,246,substitution,2,PT06M20.00S,06:20,Q2 06:20,26,27,1610612752.0,Randle,SUB in: J. Randle,substitution,foul,1,Low
22100239,247,foul,2,PT06M16.00S,06:16,Q2 06:16,26,27,1610612752.0,Rose,D. Rose personal FOUL (1 PF),substitution,2pt made,1,Low
22100239,249,2pt,2,PT06M08.00S,06:08,Q2 06:08,26,29,1610612745.0,Wood,C. Wood driving Layup (6 PTS) (J. Green 1 AST),foul,foul,3,Low
22100239,251,foul,2,PT06M08.00S,06:08,Q2 06:08,26,29,1610612752.0,Quickley,I. Quickley shooting personal FOUL (3 PF) (Wood 1 FT),2pt made,freethrow,3,Low
22100239,255,freethrow,2,PT06M08.00S,06:08,Q2 06:08,26,30,1610612745.0,Wood,C. Wood Free Throw 1 of 1 (7 PTS),foul,substitution,4,Low
22100239,253,substitution,2,PT06M08.00S,06:08,Q2 06:08,26,29,1610612752.0,Quickley,SUB out: I. Quickley,freethrow,substitution,3,Low
22100239,254,substitution,2,PT06M08.00S,06:08,Q2 06:08,26,29,1610612752.0,Barrett,SUB in: R. Barrett,substitution,foul,3,Low
22100239,256,foul,2,PT05M54.00S,05:54,Q2 05:54,26,30,1610612745.0,Green,J. Green personal FOUL (1 PF) (Barrett 2 FT),substitution,freethrow,4,Low
22100239,258,freethrow,2,PT05M54.00S,05:54,Q2 05:54,27,30,1610612752.0,Barrett,R. Barrett Free Throw 1 of 2 (4 PTS),foul,freethrow,3,Low
22100239,259,freethrow,2,PT05M54.00S,05:54,Q2 05:54,28,30,1610612752.0,Barrett,R. Barrett Free Throw 2 of 2 (5 PTS),freethrow,foul,2,Low
22100239,260,foul,2,PT05M41.00S,05:41,Q2 05:41,28,30,1610612752.0,Randle,J. Randle personal FOUL (1 PF) (Wood 2 FT),freethrow,freethrow,2,Low
22100239,262,freethrow,2,PT05M41.00S,05:41,Q2 05:41,28,30,1610612745.0,Wood,MISS C. Wood Free Throw 1 of 2,foul,rebound,2,Low
22100239,263,rebound,2,PT05M41.00S,05:41,Q2 05:41,28,30,1610612745.0,,TEAM offensive REBOUND,freethrow,freethrow,2,Low
22100239,266,freethrow,2,PT05M41.00S,05:41,Q2 05:41,28,31,1610612745.0,Wood,C. Wood Free Throw 2 of 2 (8 PTS),rebound,substitution,3,Low
22100239,264,substitution,2,PT05M41.00S,05:41,Q2 05:41,28,30,1610612752.0,Burks,SUB out: A. Burks,freethrow,substitution,2,Low
22100239,265,substitution,2,PT05M41.00S,05:41,Q2 05:41,28,30,1610612752.0,Fournier,SUB in: E. Fournier,substitution,3pt missed,2,Low
22100239,267,3pt,2,PT05M28.00S,05:28,Q2 05:28,28,31,1610612752.0,Randle,MISS J. Randle 24' 3PT,substitution,rebound,3,Low
22100239,268,rebound,2,PT05M26.00S,05:26,Q2 05:26,28,31,1610612745.0,Brooks,A. Brooks REBOUND (Off:0 Def:1),3pt missed,3pt made,3,Low
22100239,269,3pt,2,PT05M08.00S,05:08,Q2 05:08,28,34,1610612745.0,Green,J. Green 26' 3PT  (7 PTS) (C. Wood 2 AST),rebound,2pt made,6,Low
22100239,271,2pt,2,PT04M58.00S,04:58,Q2 04:58,30,34,1610612752.0,Fournier,E. Fournier driving Layup (5 PTS) (D. Rose 3 AST),3pt made,turnover,4,Low
22100239,274,turnover,2,PT04M42.00S,04:42,Q2 04:42,30,34,1610612745.0,Wood,C. Wood lost ball out-of-bounds TURNOVER (3 TO),2pt made,substitution,4,Low
22100239,275,substitution,2,PT04M42.00S,04:42,Q2 04:42,30,34,1610612752.0,Rose,SUB out: D. Rose,turnover,substitution,4,Low
22100239,276,substitution,2,PT04M42.00S,04:42,Q2 04:42,30,34,1610612752.0,Walker,SUB in: K. Walker,substitution,substitution,4,Low
22100239,279,substitution,2,PT04M42.00S,04:42,Q2 04:42,30,34,1610612745.0,Brooks,SUB out: A. Brooks,substitution,substitution,4,Low
22100239,280,substitution,2,PT04M42.00S,04:42,Q2 04:42,30,34,1610612745.0,Martin Jr.,SUB in: K. Martin Jr.,substitution,2pt made,4,Low
22100239,277,2pt,2,PT04M20.00S,04:20,Q2 04:20,32,34,1610612752.0,Walker,K. Walker driving Layup (2 PTS) (J. Randle 2 AST),substitution,2pt made,2,Low
22100239,281,2pt,2,PT04M05.00S,04:05,Q2 04:05,32,36,1610612745.0,Green,J. Green driving Layup (9 PTS),2pt made,timeout,4,Low
22100239,283,timeout,2,PT03M59.00S,03:59,Q2 03:59,32,36,1610612752.0,,NYK Timeout,2pt made,foul,4,Low
22100239,284,foul,2,PT03M55.00S,03:55,Q2 03:55,32,36,1610612745.0,Gordon,E. Gordon shooting personal FOUL (1 PF) (Walker 2 FT),timeout,freethrow,4,Low
22100239,286,freethrow,2,PT03M55.00S,03:55,Q2 03:55,33,36,1610612752.0,Walker,K. Walker Free Throw 1 of 2 (3 PTS),foul,freethrow,3,Low
22100239,287,freethrow,2,PT03M55.00S,03:55,Q2 03:55,33,36,1610612752.0,Walker,MISS K. Walker Free Throw 2 of 2,freethrow,rebound,3,Low
22100239,288,rebound,2,PT03M53.00S,03:53,Q2 03:53,33,36,1610612745.0,Wood,C. Wood REBOUND (Off:0 Def:7),freethrow,foul,3,Low
22100239,289,foul,2,PT03M53.00S,03:53,Q2 03:53,33,36,1610612752.0,Robinson,M. Robinson personal FOUL (2 PF) (Wood 2 FT),rebound,foul,3,Low
22100239,291,foul,2,PT03M53.00S,03:53,Q2 03:53,33,36,1610612752.0,,TEAM foul technical,foul,freethrow,3,Low
22100239,292,freethrow,2,PT03M53.00S,03:53,Q2 03:53,33,36,1610612745.0,Green,MISS J. Green technical Free Throw 1 of 1,foul,rebound,3,Low
22100239,293,rebound,2,PT03M53.00S,03:53,Q2 03:53,33,36,1610612745.0,,TEAM offensive REBOUND,freethrow,freethrow,3,Low
22100239,294,freethrow,2,PT03M53.00S,03:53,Q2 03:53,33,37,1610612745.0,Wood,C. Wood Free Throw 1 of 2 (9 PTS),rebound,freethrow,4,Low
22100239,295,freethrow,2,PT03M53.00S,03:53,Q2 03:53,33,38,1610612745.0,Wood,C. Wood Free Throw 2 of 2 (10 PTS),freethrow,3pt made,5,Low
22100239,296,3pt,2,PT03M38.00S,03:38,Q2 03:38,36,38,1610612752.0,Walker,K. Walker 25' 3PT  (6 PTS) (J. Randle 3 AST),freethrow,turnover,2,Low
22100239,298,turnover,2,PT03M18.00S,03:18,Q2 03:18,36,38,1610612745.0,Theis,D. Theis bad pass TURNOVER (2 TO),3pt made,steal,2,Low
22100239,299,steal,2,PT03M18.00S,03:18,Q2 03:18,36,38,1610612752.0,Barrett,R. Barrett STEAL (2 STL),turnover,2pt made,2,Low
22100239,300,2pt,2,PT03M13.00S,03:13,Q2 03:13,38,38,1610612752.0,Barrett,R. Barrett driving Layup (7 PTS),steal,2pt made,0,Low
22100239,301,2pt,2,PT02M48.00S,02:48,Q2 02:48,38,40,1610612745.0,Wood,C. Wood cutting Layup (12 PTS) (E. Gordon 2 AST),2pt made,3pt made,2,Low
22100239,303,3pt,2,PT02M37.00S,02:37,Q2 02:37,41,40,1610612752.0,Fournier,E. Fournier 25' 3PT  (8 PTS) (J. Randle 4 AST),2pt made,2pt made,1,Low
22100239,305,2pt,2,PT02M20.00S,02:20,Q2 02:20,41,42,1610612745.0,Gordon,E. Gordon driving floating Jump Shot (6 PTS) (C. Wood 3 AST),3pt made,foul,1,Low
22100239,307,foul,2,PT02M08.00S,02:08,Q2 02:08,41,42,1610612745.0,Wood,C. Wood shooting personal FOUL (1 PF) (Randle 2 FT),2pt made,freethrow,1,Low
22100239,309,freethrow,2,PT02M08.00S,02:08,Q2 02:08,42,42,1610612752.0,Randle,J. Randle Free Throw 1 of 2 (6 PTS),foul,freethrow,0,Low
22100239,312,freethrow,2,PT02M08.00S,02:08,Q2 02:08,43,42,1610612752.0,Randle,J. Randle Free Throw 2 of 2 (7 PTS),freethrow,substitution,1,Low
22100239,310,substitution,2,PT02M08.00S,02:08,Q2 02:08,41,42,1610612745.0,Martin Jr.,SUB out: K. Martin Jr.,freethrow,substitution,1,Low
22100239,311,substitution,2,PT02M08.00S,02:08,Q2 02:08,41,42,1610612745.0,Tate,SUB in: J. Tate,substitution,2pt missed,1,Low
22100239,313,2pt,2,PT01M46.00S,01:46,Q2 01:46,43,42,1610612745.0,Gordon,MISS E. Gordon driving Layup - blocked,substitution,block,1,Low
22100239,314,block,2,PT01M46.00S,01:46,Q2 01:46,43,42,1610612752.0,Robinson,M. Robinson BLOCK (2 BLK),2pt missed,rebound,1,Low
22100239,315,rebound,2,PT01M44.00S,01:44,Q2 01:44,43,42,1610612752.0,Walker,K. Walker REBOUND (Off:0 Def:1),block,2pt missed,1,Low
22100239,316,2pt,2,PT01M44.00S,01:44,Q2 01:44,43,42,1610612752.0,Barrett,MISS R. Barrett Layup - blocked,rebound,block,1,Low
22100239,317,block,2,PT01M44.00S,01:44,Q2 01:44,43,42,1610612745.0,Tate,J. Tate BLOCK (1 BLK),2pt missed,rebound,1,Low
22100239,318,rebound,2,PT01M42.00S,01:42,Q2 01:42,43,42,1610612752.0,Randle,J. Randle REBOUND (Off:1 Def:3),block,foul,1,Low
22100239,319,foul,2,PT01M39.00S,01:39,Q2 01:39,43,42,1610612745.0,Theis,D. Theis shooting personal FOUL (1 PF) (Randle 2 FT),rebound,freethrow,1,Low
22100239,321,freethrow,2,PT01M39.00S,01:39,Q2 01:39,43,42,1610612752.0,Randle,MISS J. Randle Free Throw 1 of 2,foul,rebound,1,Low
22100239,322,rebound,2,PT01M39.00S,01:39,Q2 01:39,43,42,1610612752.0,,TEAM offensive REBOUND,freethrow,freethrow,1,Low
22100239,323,freethrow,2,PT01M39.00S,01:39,Q2 01:39,44,42,1610612752.0,Randle,J. Randle Free Throw 2 of 2 (8 PTS),rebound,3pt missed,2,Low
22100239,324,3pt,2,PT01M26.00S,01:26,Q2 01:26,44,42,1610612745.0,Theis,MISS D. Theis 24' 3PT,freethrow,rebound,2,Low
22100239,325,rebound,2,PT01M24.00S,01:24,Q2 01:24,44,42,1610612752.0,Randle,J. Randle REBOUND (Off:1 Def:4),3pt missed,3pt made,2,Low
22100239,326,3pt,2,PT01M17.00S,01:17,Q2 01:17,47,42,1610612752.0,Fournier,E. Fournier 25' 3PT pullup (11 PTS) (J. Randle 5 AST),rebound,foul,5,Low
22100239,328,foul,2,PT00M55.90S,00:55,Q2 00:55,47,42,1610612752.0,Robinson,M. Robinson shooting personal FOUL (3 PF) (Gordon 2 FT),3pt made,freethrow,5,Low
22100239,330,freethrow,2,PT00M55.90S,00:55,Q2 00:55,47,42,1610612745.0,Gordon,MISS E. Gordon Free Throw 1 of 2,foul,rebound,5,Low
22100239,331,rebound,2,PT00M55.90S,00:55,Q2 00:55,47,42,1610612745.0,,TEAM offensive REBOUND,freethrow,freethrow,5,Low
22100239,336,freethrow,2,PT00M55.90S,00:55,Q2 00:55,47,43,1610612745.0,Gordon,E. Gordon Free Throw 2 of 2 (7 PTS),rebound,substitution,4,Low
22100239,332,substitution,2,PT00M55.90S,00:55,Q2 00:55,47,42,1610612752.0,Robinson,SUB out: M. Robinson,freethrow,substitution,5,Low
22100239,333,substitution,2,PT00M55.90S,00:55,Q2 00:55,47,42,1610612752.0,Burks,SUB in: A. Burks,substitution,substitution,5,Low
22100239,334,substitution,2,PT00M55.90S,00:55,Q2 00:55,47,42,1610612745.0,Theis,SUB out: D. Theis,substitution,substitution,5,Low
22100239,335,substitution,2,PT00M55.90S,00:55,Q2 00:55,47,42,1610612745.0,Martin Jr.,SUB in: K. Martin Jr.,substitution,3pt missed,5,Low
22100239,337,3pt,2,PT00M42.50S,00:42,Q2 00:42,47,43,1610612752.0,Fournier,MISS E. Fournier 3PT,substitution,rebound,4,Low
22100239,338,rebound,2,PT00M39.90S,00:39,Q2 00:39,47,43,1610612745.0,Wood,C. Wood REBOUND (Off:0 Def:8),3pt missed,2pt made,4,Low
22100239,339,2pt,2,PT00M34.00S,00:34,Q2 00:34,47,45,1610612745.0,Martin Jr.,K. Martin Jr. cutting Layup (2 PTS) (E. Gordon 3 AST),rebound,2pt missed,2,Low
22100239,341,2pt,2,PT00M13.60S,00:13,Q2 00:13,47,45,1610612752.0,Randle,MISS J. Randle driving Layup - blocked,2pt made,block,2,Low
22100239,342,block,2,PT00M13.60S,00:13,Q2 00:13,47,45,1610612745.0,Gordon,E. Gordon BLOCK (1 BLK),2pt missed,rebound,2,Low
22100239,343,rebound,2,PT00M11.60S,00:11,Q2 00:11,47,45,1610612752.0,,TEAM offensive REBOUND,block,substitution,2,Low
22100239,348,substitution,2,PT00M11.60S,00:11,Q2 00:11,47,45,1610612745.0,Tate,SUB out: J. Tate,rebound,substitution,2,Low
22100239,349,substitution,2,PT00M11.60S,00:11,Q2 00:11,47,45,1610612745.0,Martin Jr.,SUB out: K. Martin Jr.,substitution,substitution,2,Low
22100239,350,substitution,2,PT00M11.60S,00:11,Q2 00:11,47,45,1610612745.0,Mathews,SUB in: G. Mathews,substitution,substitution,2,Low
22100239,351,substitution,2,PT00M11.60S,00:11,Q2 00:11,47,45,1610612745.0,Brooks,SUB in: A. Brooks,substitution,2pt missed,2,Low
22100239,345,2pt,2,PT00M11.10S,00:11,Q2 00:11,47,45,1610612752.0,Fournier,MISS E. Fournier 19' fadeaway Shot,substitution,rebound,2,Low
22100239,346,rebound,2,PT00M10.00S,00:10,Q2 00:10,47,45,1610612752.0,,TEAM offensive REBOUND,2pt missed,turnover,2,Low
22100239,347,turnover,2,PT00M10.00S,00:10,Q2 00:10,47,45,1610612752.0,,NYK shot clock Team TURNOVER,rebound,2pt made,2,Low
22100239,352,2pt,2,PT00M01.00S,00:01,Q2 00:01,47,47,1610612745.0,Gordon,E. Gordon driving Layup (9 PTS),turnover,substitution,0,Low
22100239,354,substitution,3,PT12M00.00S,12:00,Q3 12:00,47,47,1610612752.0,Burks,SUB out: A. Burks,2pt made,substitution,0,Low
22100239,355,substitution,3,PT12M00.00S,12:00,Q3 12:00,47,47,1610612745.0,Mathews,SUB out: G. Mathews,substitution,substitution,0,Low
22100239,356,substitution,3,PT12M00.00S,12:00,Q3 12:00,47,47,1610612745.0,Brooks,SUB out: A. Brooks,substitution,substitution,0,Low
22100239,357,substitution,3,PT12M00.00S,12:00,Q3 12:00,47,47,1610612752.0,Robinson,SUB in: M. Robinson,substitution,substitution,0,Low
22100239,358,substitution,3,PT12M00.00S,12:00,Q3 12:00,47,47,1610612745.0,Tate,SUB in: J. Tate,substitution,substitution,0,Low
22100239,359,substitution,3,PT12M00.00S,12:00,Q3 12:00,47,47,1610612745.0,Theis,SUB in: D. Theis,substitution,3pt made,0,Low
22100239,361,3pt,3,PT11M48.00S,11:48,Q3 11:48,47,50,1610612745.0,Wood,C. Wood 3PT  (15 PTS) (E. Gordon 4 AST),substitution,2pt made,3,Low
22100239,363,2pt,3,PT11M19.00S,11:19,Q3 11:19,49,50,1610612752.0,Robinson,M. Robinson cutting DUNK (6 PTS) (K. Walker 3 AST),3pt made,3pt missed,1,Low
22100239,365,3pt,3,PT11M01.00S,11:01,Q3 11:01,49,50,1610612745.0,Tate,MISS J. Tate 24' 3PT,2pt made,rebound,1,Low
22100239,366,rebound,3,PT10M59.00S,10:59,Q3 10:59,49,50,1610612752.0,Robinson,M. Robinson REBOUND (Off:1 Def:4),3pt missed,3pt missed,1,Low
22100239,367,3pt,3,PT10M46.00S,10:46,Q3 10:46,49,50,1610612752.0,Barrett,MISS R. Barrett 25' 3PT,rebound,rebound,1,Low
22100239,368,rebound,3,PT10M44.00S,10:44,Q3 10:44,49,50,1610612745.0,Wood,C. Wood REBOUND (Off:0 Def:9),3pt missed,3pt made,1,Low
22100239,369,3pt,3,PT10M36.00S,10:36,Q3 10:36,49,53,1610612745.0,Green,J. Green 25' 3PT  (12 PTS) (J. Tate 2 AST),rebound,3pt missed,4,Low
22100239,371,3pt,3,PT10M08.00S,10:08,Q3 10:08,49,53,1610612752.0,Randle,MISS J. Randle 25' pullup 3PT,3pt made,rebound,4,Low
22100239,372,rebound,3,PT10M06.00S,10:06,Q3 10:06,49,53,1610612745.0,Tate,J. Tate REBOUND (Off:2 Def:4),3pt missed,2pt made,4,Low
22100239,373,2pt,3,PT09M57.00S,09:57,Q3 09:57,49,55,1610612745.0,Tate,J. Tate driving Layup (7 PTS) (J. Green 2 AST),rebound,timeout,6,Low
22100239,375,timeout,3,PT09M55.00S,09:55,Q3 09:55,49,55,1610612752.0,,NYK Timeout,2pt made,substitution,6,Low
22100239,376,substitution,3,PT09M55.00S,09:55,Q3 09:55,49,55,1610612752.0,Robinson,SUB out: M. Robinson,timeout,substitution,6,Low
22100239,377,substitution,3,PT09M55.00S,09:55,Q3 09:55,49,55,1610612752.0,Noel,SUB in: N. Noel,substitution,2pt made,6,Low
22100239,378,2pt,3,PT09M33.00S,09:33,Q3 09:33,51,55,1610612752.0,Barrett,R. Barrett driving Layup (9 PTS),substitution,2pt missed,4,Low
22100239,379,2pt,3,PT09M24.00S,09:24,Q3 09:24,51,55,1610612745.0,Green,MISS J. Green driving Layup,2pt made,rebound,4,Low
22100239,380,rebound,3,PT09M22.00S,09:22,Q3 09:22,51,55,1610612752.0,Randle,J. Randle REBOUND (Off:1 Def:5),2pt missed,foul,4,Low
22100239,381,foul,3,PT09M14.00S,09:14,Q3 09:14,51,55,1610612745.0,Tate,J. Tate personal FOUL (3 PF),rebound,3pt missed,4,Low
22100239,383,3pt,3,PT09M06.00S,09:06,Q3 09:06,51,55,1610612752.0,Walker,MISS K. Walker 25' 3PT,foul,rebound,4,Low
22100239,384,rebound,3,PT09M04.00S,09:04,Q3 09:04,51,55,1610612745.0,Gordon,E. Gordon REBOUND (Off:0 Def:2),3pt missed,2pt missed,4,Low
22100239,385,2pt,3,PT08M54.00S,08:54,Q3 08:54,51,55,1610612745.0,Gordon,MISS E. Gordon 6' Layup - blocked,rebound,block,4,Low
22100239,386,block,3,PT08M54.00S,08:54,Q3 08:54,51,55,1610612752.0,Fournier,E. Fournier BLOCK (1 BLK),2pt missed,rebound,4,Low
22100239,387,rebound,3,PT08M52.00S,08:52,Q3 08:52,51,55,1610612752.0,Randle,J. Randle REBOUND (Off:1 Def:6),block,2pt missed,4,Low
22100239,388,2pt,3,PT08M47.00S,08:47,Q3 08:47,51,55,1610612752.0,Walker,MISS K. Walker Layup - blocked,rebound,block,4,Low
22100239,389,block,3,PT08M47.00S,08:47,Q3 08:47,51,55,1610612745.0,Wood,C. Wood BLOCK (2 BLK),2pt missed,rebound,4,Low
22100239,390,rebound,3,PT08M45.00S,08:45,Q3 08:45,51,55,1610612745.0,Tate,J. Tate REBOUND (Off:2 Def:5),block,turnover,4,Low
22100239,391,turnover,3,PT08M41.00S,08:41,Q3 08:41,51,55,1610612745.0,Tate,J. Tate lost ball TURNOVER (3 TO),rebound,steal,4,Low
22100239,392,steal,3,PT08M41.00S,08:41,Q3 08:41,51,55,1610612752.0,Walker,K. Walker STEAL (2 STL),turnover,2pt made,4,Low
22100239,393,2pt,3,PT08M30.00S,08:30,Q3 08:30,53,55,1610612752.0,Barrett,R. Barrett reverse Layup (11 PTS) (E. Fournier 1 AST),steal,foul,2,Low
22100239,395,foul,3,PT08M14.00S,08:14,Q3 08:14,53,55,1610612745.0,Wood,C. Wood offensive FOUL (2 PF),2pt made,turnover,2,Low
22100239,397,turnover,3,PT08M14.00S,08:14,Q3 08:14,53,55,1610612745.0,Wood,C. Wood offensive foul TURNOVER (4 TO),foul,turnover,2,Low
22100239,399,turnover,3,PT07M55.00S,07:55,Q3 07:55,53,55,1610612752.0,Randle,J. Randle lost ball TURNOVER (2 TO),turnover,steal,2,Low
22100239,400,steal,3,PT07M55.00S,07:55,Q3 07:55,53,55,1610612745.0,Tate,J. Tate STEAL (1 STL),turnover,foul,2,Low
22100239,401,foul,3,PT07M54.00S,07:54,Q3 07:54,53,55,1610612752.0,Fournier,E. Fournier take personal FOUL (1 PF),steal,3pt missed,2,Low
22100239,403,3pt,3,PT07M42.00S,07:42,Q3 07:42,53,55,1610612745.0,Theis,MISS D. Theis 26' 3PT,foul,rebound,2,Low
22100239,404,rebound,3,PT07M40.00S,07:40,Q3 07:40,53,55,1610612752.0,Barrett,R. Barrett REBOUND (Off:0 Def:1),3pt missed,2pt missed,2,Low
22100239,405,2pt,3,PT07M37.00S,07:37,Q3 07:37,53,55,1610612752.0,Barrett,MISS R. Barrett driving Layup - blocked,rebound,block,2,Low
22100239,406,block,3,PT07M37.00S,07:37,Q3 07:37,53,55,1610612745.0,Theis,D. Theis BLOCK (1 BLK),2pt missed,rebound,2,Low
22100239,407,rebound,3,PT07M36.00S,07:36,Q3 07:36,53,55,1610612745.0,,TEAM defensive REBOUND,block,2pt made,2,Low
22100239,409,2pt,3,PT07M24.00S,07:24,Q3 07:24,53,57,1610612745.0,Tate,J. Tate driving Layup (9 PTS),rebound,3pt made,4,Low
22100239,410,3pt,3,PT07M06.00S,07:06,Q3 07:06,56,57,1610612752.0,Walker,K. Walker 24' 3PT pullup (9 PTS) (J. Randle 6 AST),2pt made,2pt missed,1,Low
22100239,412,2pt,3,PT06M56.00S,06:56,Q3 06:56,56,57,1610612745.0,Gordon,MISS E. Gordon driving Layup,3pt made,rebound,1,Low
22100239,413,rebound,3,PT06M54.00S,06:54,Q3 06:54,56,57,1610612745.0,Green,J. Green REBOUND (Off:2 Def:0),2pt missed,3pt missed,1,Low
22100239,414,3pt,3,PT06M48.00S,06:48,Q3 06:48,56,57,1610612745.0,Theis,MISS D. Theis 3PT,rebound,rebound,1,Low
22100239,415,rebound,3,PT06M46.00S,06:46,Q3 06:46,56,57,1610612752.0,Noel,N. Noel REBOUND (Off:0 Def:3),3pt missed,3pt made,1,Low
22100239,416,3pt,3,PT06M37.00S,06:37,Q3 06:37,59,57,1610612752.0,Fournier,E. Fournier 25' 3PT  (14 PTS) (R. Barrett 2 AST),rebound,timeout,2,Low
22100239,418,timeout,3,PT06M36.00S,06:36,Q3 06:36,59,57,1610612745.0,,HOU Timeout,3pt made,substitution,2,Low
22100239,419,substitution,3,PT06M36.00S,06:36,Q3 06:36,59,57,1610612745.0,Tate,SUB out: J. Tate,timeout,substitution,2,Low
22100239,420,substitution,3,PT06M36.00S,06:36,Q3 06:36,59,57,1610612745.0,Theis,SUB out: D. Theis,substitution,substitution,2,Low
22100239,421,substitution,3,PT06M36.00S,06:36,Q3 06:36,59,57,1610612745.0,Sengun,SUB in: A. Sengun,substitution,substitution,2,Low
22100239,422,substitution,3,PT06M36.00S,06:36,Q3 06:36,59,57,1610612745.0,Martin Jr.,SUB in: K. Martin Jr.,substitution,2pt made,2,Low
22100239,423,2pt,3,PT06M23.00S,06:23,Q3 06:23,59,59,1610612745.0,Martin Jr.,K. Martin Jr. cutting DUNK (4 PTS) (A. Sengun 1 AST),substitution,3pt made,0,Low
22100239,425,3pt,3,PT06M06.00S,06:06,Q3 06:06,62,59,1610612752.0,Randle,J. Randle 25' 3PT  (11 PTS) (E. Fournier 2 AST),2pt made,3pt missed,3,Low
22100239,428,3pt,3,PT05M40.00S,05:40,Q3 05:40,62,59,1610612745.0,Green,MISS J. Green 26' pullup 3PT,3pt made,rebound,3,Low
22100239,429,rebound,3,PT05M38.00S,05:38,Q3 05:38,62,59,1610612752.0,Walker,K. Walker REBOUND (Off:0 Def:2),3pt missed,2pt made,3,Low
22100239,430,2pt,3,PT05M16.00S,05:16,Q3 05:16,64,59,1610612752.0,Randle,J. Randle 15' pullup Jump Shot (13 PTS),rebound,3pt made,5,Low
22100239,431,3pt,3,PT05M04.00S,05:04,Q3 05:04,64,62,1610612745.0,Gordon,E. Gordon 25' 3PT pullup (12 PTS),2pt made,3pt made,2,Low
22100239,433,3pt,3,PT04M44.00S,04:44,Q3 04:44,67,62,1610612752.0,Fournier,E. Fournier 24' 3PT pullup (17 PTS) (J. Randle 7 AST),3pt made,2pt made,5,Low
22100239,435,2pt,3,PT04M26.00S,04:26,Q3 04:26,67,64,1610612745.0,Green,J. Green driving finger roll Layup (14 PTS),3pt made,2pt missed,3,Low
22100239,436,2pt,3,PT04M14.00S,04:14,Q3 04:14,67,64,1610612752.0,Randle,MISS J. Randle driving Layup,2pt made,rebound,3,Low
22100239,437,rebound,3,PT04M13.00S,04:13,Q3 04:13,67,64,1610612745.0,Wood,C. Wood REBOUND (Off:0 Def:10),2pt missed,foul,3,Low
22100239,438,foul,3,PT04M13.00S,04:13,Q3 04:13,67,64,1610612752.0,Randle,J. Randle personal FOUL (2 PF),rebound,3pt missed,3,Low
22100239,440,3pt,3,PT04M02.00S,04:02,Q3 04:02,67,64,1610612745.0,Gordon,MISS E. Gordon 24' pullup 3PT,foul,rebound,3,Low
22100239,441,rebound,3,PT04M00.00S,04:00,Q3 04:00,67,64,1610612752.0,Fournier,E. Fournier REBOUND (Off:0 Def:1),3pt missed,turnover,3,Low
22100239,442,turnover,3,PT03M47.00S,03:47,Q3 03:47,67,64,1610612752.0,Walker,K. Walker lost ball TURNOVER (1 TO),rebound,steal,3,Low
22100239,443,steal,3,PT03M47.00S,03:47,Q3 03:47,67,64,1610612745.0,Martin Jr.,K. Martin Jr. STEAL (1 STL),turnover,2pt made,3,Low
22100239,450,2pt,3,PT03M45.00S,03:45,Q3 03:45,67,66,1610612745.0,Martin Jr.,K. Martin Jr. driving Layup (6 PTS),steal,foul,1,Low
22100239,445,foul,3,PT03M45.00S,03:45,Q3 03:45,67,66,1610612752.0,Walker,K. Walker shooting personal FOUL (2 PF) (Martin Jr. 1 FT),2pt made,timeout,1,Low
22100239,448,timeout,3,PT03M45.00S,03:45,Q3 03:45,67,66,1610612745.0,,HOU Timeout,foul,freethrow,1,Low
22100239,452,freethrow,3,PT03M45.00S,03:45,Q3 03:45,67,66,1610612745.0,Martin Jr.,MISS K. Martin Jr. Free Throw 1 of 1,timeout,substitution,1,Low
22100239,453,substitution,3,PT03M45.00S,03:45,Q3 03:45,67,66,1610612752.0,Barrett,SUB out: R. Barrett,freethrow,substitution,1,Low
22100239,454,substitution,3,PT03M45.00S,03:45,Q3 03:45,67,66,1610612752.0,Burks,SUB in: A. Burks,substitution,rebound,1,Low
22100239,455,rebound,3,PT03M43.00S,03:43,Q3 03:43,67,66,1610612752.0,Noel,N. Noel REBOUND (Off:0 Def:4),substitution,3pt missed,1,Low
22100239,456,3pt,3,PT03M25.00S,03:25,Q3 03:25,67,66,1610612752.0,Fournier,MISS E. Fournier 24' 3PT,rebound,rebound,1,Low
22100239,457,rebound,3,PT03M23.00S,03:23,Q3 03:23,67,66,1610612752.0,,TEAM offensive REBOUND,3pt missed,substitution,1,Low
22100239,459,substitution,3,PT03M23.00S,03:23,Q3 03:23,67,66,1610612752.0,Walker,SUB out: K. Walker,rebound,substitution,1,Low
22100239,460,substitution,3,PT03M23.00S,03:23,Q3 03:23,67,66,1610612752.0,Rose,SUB in: D. Rose,substitution,2pt missed,1,Low
22100239,461,2pt,3,PT03M16.00S,03:16,Q3 03:16,67,66,1610612752.0,Randle,MISS J. Randle 17' step back Shot,substitution,rebound,1,Low
22100239,462,rebound,3,PT03M14.00S,03:14,Q3 03:14,67,66,1610612745.0,Gordon,E. Gordon REBOUND (Off:0 Def:3),2pt missed,2pt made,1,Low
22100239,463,2pt,3,PT02M59.00S,02:59,Q3 02:59,67,68,1610612745.0,Martin Jr.,K. Martin Jr. cutting DUNK (8 PTS) (E. Gordon 5 AST),rebound,turnover,1,Low
22100239,465,turnover,3,PT02M32.00S,02:32,Q3 02:32,67,68,1610612752.0,Fournier,E. Fournier lost ball out-of-bounds TURNOVER (1 TO),2pt made,substitution,1,Low
22100239,469,substitution,3,PT02M32.00S,02:32,Q3 02:32,67,68,1610612752.0,Fournier,SUB out: E. Fournier,turnover,substitution,1,Low
22100239,472,substitution,3,PT02M32.00S,02:32,Q3 02:32,67,68,1610612752.0,Quickley,SUB in: I. Quickley,substitution,substitution,1,Low
22100239,487,substitution,3,PT02M32.00S,02:32,Q3 02:32,67,68,1610612752.0,Randle,SUB out: J. Randle,substitution,substitution,1,Low
22100239,488,substitution,3,PT02M32.00S,02:32,Q3 02:32,67,68,1610612752.0,Toppin,SUB in: O. Toppin,substitution,turnover,1,Low
22100239,468,turnover,3,PT02M17.00S,02:17,Q3 02:17,67,68,1610612745.0,Green,J. Green bad pass out-of-bounds TURNOVER (3 TO),substitution,substitution,1,Low
22100239,519,substitution,3,PT02M17.00S,02:17,Q3 02:17,67,68,1610612745.0,Green,SUB out: J. Green,turnover,substitution,1,Low
22100239,520,substitution,3,PT02M17.00S,02:17,Q3 02:17,67,68,1610612745.0,Augustin,SUB in: D. Augustin,substitution,substitution,1,Low
22100239,533,substitution,3,PT02M17.00S,02:17,Q3 02:17,67,68,1610612745.0,Gordon,SUB out: E. Gordon,substitution,substitution,1,Low
22100239,534,substitution,3,PT02M17.00S,02:17,Q3 02:17,67,68,1610612745.0,Mathews,SUB in: G. Mathews,substitution,2pt missed,1,Low
22100239,475,2pt,3,PT02M03.00S,02:03,Q3 02:03,67,68,1610612752.0,Noel,MISS N. Noel alley-oop Layup,substitution,rebound,1,Low
22100239,476,rebound,3,PT02M01.00S,02:01,Q3 02:01,67,68,1610612745.0,Sengun,A. Sengun REBOUND (Off:2 Def:1),2pt missed,2pt made,1,Low
22100239,477,2pt,3,PT01M39.00S,01:39,Q3 01:39,67,70,1610612745.0,Wood,C. Wood DUNK (17 PTS) (G. Mathews 1 AST),rebound,2pt made,3,Low
22100239,479,2pt,3,PT01M25.00S,01:25,Q3 01:25,69,70,1610612752.0,Rose,D. Rose driving floating Jump Shot (4 PTS),2pt made,2pt missed,1,Low
22100239,480,2pt,3,PT01M12.00S,01:12,Q3 01:12,69,70,1610612745.0,Wood,MISS C. Wood driving Layup,2pt made,rebound,1,Low
22100239,481,rebound,3,PT01M08.00S,01:08,Q3 01:08,69,70,1610612752.0,Toppin,O. Toppin REBOUND (Off:0 Def:4),2pt missed,3pt missed,1,Low
22100239,482,3pt,3,PT01M04.00S,01:04,Q3 01:04,69,70,1610612752.0,Toppin,MISS O. Toppin 25' 3PT,rebound,rebound,1,Low
22100239,483,rebound,3,PT01M02.00S,01:02,Q3 01:02,69,70,1610612745.0,Sengun,A. Sengun REBOUND (Off:2 Def:2),3pt missed,3pt made,1,Low
22100239,484,3pt,3,PT00M52.20S,00:52,Q3 00:52,69,73,1610612745.0,Sengun,A. Sengun 25' 3PT  (6 PTS) (D. Augustin 2 AST),rebound,3pt made,4,Low
22100239,486,3pt,3,PT00M40.80S,00:40,Q3 00:40,72,73,1610612752.0,Quickley,I. Quickley 24' 3PT pullup (3 PTS),3pt made,3pt missed,1,Low
22100239,489,3pt,3,PT00M27.70S,00:27,Q3 00:27,72,73,1610612745.0,Augustin,MISS D. Augustin 25' 3PT,3pt made,rebound,1,Low
22100239,490,rebound,3,PT00M27.70S,00:27,Q3 00:27,72,73,1610612745.0,Mathews,G. Mathews REBOUND (Off:2 Def:2),3pt missed,foul,1,Low
22100239,491,foul,3,PT00M17.40S,00:17,Q3 00:17,72,73,1610612745.0,Wood,C. Wood offensive FOUL (3 PF),rebound,turnover,1,Low
22100239,493,turnover,3,PT00M17.40S,00:17,Q3 00:17,72,73,1610612745.0,Wood,C. Wood offensive foul TURNOVER (5 TO),foul,substitution,1,Low
22100239,495,substitution,3,PT00M17.40S,00:17,Q3 00:17,72,73,1610612745.0,Wood,SUB out: C. Wood,turnover,substitution,1,Low
22100239,496,substitution,3,PT00M17.40S,00:17,Q3 00:17,72,73,1610612745.0,Sengun,SUB out: A. Sengun,substitution,substitution,1,Low
22100239,497,substitution,3,PT00M17.40S,00:17,Q3 00:17,72,73,1610612745.0,Augustin,SUB out: D. Augustin,substitution,substitution,1,Low
22100239,498,substitution,3,PT00M17.40S,00:17,Q3 00:17,72,73,1610612745.0,Gordon,SUB in: E. Gordon,substitution,substitution,1,Low
22100239,499,substitution,3,PT00M17.40S,00:17,Q3 00:17,72,73,1610612745.0,Tate,SUB in: J. Tate,substitution,substitution,1,Low
22100239,500,substitution,3,PT00M17.40S,00:17,Q3 00:17,72,73,1610612745.0,Theis,SUB in: D. Theis,substitution,3pt missed,1,Low
22100239,501,3pt,3,PT00M02.20S,00:02,Q3 00:02,72,73,1610612752.0,Noel,MISS N. Noel 3PT,substitution,rebound,1,Low
22100239,502,rebound,3,PT00M00.80S,00:00,Q3 00:00,72,73,1610612745.0,Martin Jr.,K. Martin Jr. REBOUND (Off:0 Def:3),3pt missed,substitution,1,Medium
22100239,504,substitution,4,PT12M00.00S,12:00,Q4 12:00,72,73,1610612745.0,Gordon,SUB out: E. Gordon,rebound,substitution,1,Medium
22100239,505,substitution,4,PT12M00.00S,12:00,Q4 12:00,72,73,1610612745.0,Theis,SUB out: D. Theis,substitution,substitution,1,Medium
22100239,506,substitution,4,PT12M00.00S,12:00,Q4 12:00,72,73,1610612745.0,Augustin,SUB in: D. Augustin,substitution,substitution,1,Medium
22100239,507,substitution,4,PT12M00.00S,12:00,Q4 12:00,72,73,1610612745.0,Sengun,SUB in: A. Sengun,substitution,2pt missed,1,Medium
22100239,509,2pt,4,PT11M43.00S,11:43,Q4 11:43,72,73,1610612752.0,Rose,MISS D. Rose running finger roll Layup - blocked,substitution,block,1,Medium
22100239,510,block,4,PT11M43.00S,11:43,Q4 11:43,72,73,1610612745.0,Tate,J. Tate BLOCK (2 BLK),2pt missed,rebound,1,Medium
22100239,511,rebound,4,PT11M41.00S,11:41,Q4 11:41,72,73,1610612745.0,Tate,J. Tate REBOUND (Off:2 Def:6),block,3pt made,1,Medium
22100239,512,3pt,4,PT11M37.00S,11:37,Q4 11:37,72,76,1610612745.0,Augustin,D. Augustin 25' 3PT  (7 PTS) (J. Tate 3 AST),rebound,turnover,4,Medium
22100239,514,turnover,4,PT11M22.00S,11:22,Q4 11:22,72,76,1610612752.0,Quickley,I. Quickley bad pass TURNOVER (1 TO),3pt made,steal,4,Medium
22100239,515,steal,4,PT11M22.00S,11:22,Q4 11:22,72,76,1610612745.0,Martin Jr.,K. Martin Jr. STEAL (2 STL),turnover,2pt made,4,Medium
22100239,516,2pt,4,PT11M17.00S,11:17,Q4 11:17,72,78,1610612745.0,Sengun,A. Sengun alley-oop DUNK (8 PTS) (K. Martin Jr. 1 AST),steal,timeout,6,Medium
22100239,518,timeout,4,PT11M16.00S,11:16,Q4 11:16,72,78,1610612752.0,,NYK Timeout,2pt made,3pt made,6,Medium
22100239,521,3pt,4,PT11M06.00S,11:06,Q4 11:06,75,78,1610612752.0,Burks,A. Burks 25' 3PT pullup (6 PTS),timeout,3pt missed,3,Medium
22100239,522,3pt,4,PT10M44.00S,10:44,Q4 10:44,75,78,1610612745.0,Mathews,MISS G. Mathews 26' 3PT,3pt made,rebound,3,Medium
22100239,523,rebound,4,PT10M42.00S,10:42,Q4 10:42,75,78,1610612745.0,Augustin,D. Augustin REBOUND (Off:1 Def:0),3pt missed,3pt missed,3,Medium
22100239,525,3pt,4,PT10M31.00S,10:31,Q4 10:31,75,78,1610612745.0,Augustin,MISS D. Augustin 3PT,rebound,rebound,3,Medium
22100239,526,rebound,4,PT10M29.00S,10:29,Q4 10:29,75,78,1610612752.0,Burks,A. Burks REBOUND (Off:0 Def:2),3pt missed,foul,3,Medium
22100239,527,foul,4,PT10M23.00S,10:23,Q4 10:23,75,78,1610612745.0,Martin Jr.,K. Martin Jr. shooting personal FOUL (1 PF) (Burks 2 FT),rebound,freethrow,3,Medium
22100239,529,freethrow,4,PT10M23.00S,10:23,Q4 10:23,76,78,1610612752.0,Burks,A. Burks Free Throw 1 of 2 (7 PTS),foul,freethrow,2,Medium
22100239,530,freethrow,4,PT10M23.00S,10:23,Q4 10:23,77,78,1610612752.0,Burks,A. Burks Free Throw 2 of 2 (8 PTS),freethrow,2pt made,1,Medium
22100239,531,2pt,4,PT10M10.00S,10:10,Q4 10:10,77,80,1610612745.0,Martin Jr.,K. Martin Jr. driving Layup (10 PTS) (A. Sengun 2 AST),freethrow,turnover,3,Medium
22100239,535,turnover,4,PT09M46.00S,09:46,Q4 09:46,77,80,1610612752.0,Rose,D. Rose bad pass TURNOVER (1 TO),2pt made,steal,3,Medium
22100239,536,steal,4,PT09M46.00S,09:46,Q4 09:46,77,80,1610612745.0,Augustin,D. Augustin STEAL (2 STL),turnover,2pt made,3,Medium
22100239,537,2pt,4,PT09M40.00S,09:40,Q4 09:40,77,82,1610612745.0,Augustin,D. Augustin driving reverse Layup (9 PTS),steal,foul,5,Medium
22100239,538,foul,4,PT09M29.00S,09:29,Q4 09:29,77,82,1610612752.0,Noel,N. Noel offensive FOUL (4 PF),2pt made,turnover,5,Medium
22100239,540,turnover,4,PT09M29.00S,09:29,Q4 09:29,77,82,1610612752.0,Noel,N. Noel offensive foul TURNOVER (3 TO),foul,turnover,5,Medium
22100239,541,turnover,4,PT09M11.00S,09:11,Q4 09:11,77,82,1610612745.0,Augustin,D. Augustin bad pass TURNOVER (1 TO),turnover,steal,5,Medium
22100239,542,steal,4,PT09M11.00S,09:11,Q4 09:11,77,82,1610612752.0,Burks,A. Burks STEAL (2 STL),turnover,foul,5,Medium
22100239,543,foul,4,PT09M09.00S,09:09,Q4 09:09,77,82,1610612745.0,Mathews,G. Mathews shooting personal FOUL (1 PF) (Quickley 2 FT),steal,freethrow,5,Medium
22100239,546,freethrow,4,PT09M09.00S,09:09,Q4 09:09,78,82,1610612752.0,Quickley,I. Quickley Free Throw 1 of 2 (4 PTS),foul,freethrow,4,Medium
22100239,547,freethrow,4,PT09M09.00S,09:09,Q4 09:09,79,82,1610612752.0,Quickley,I. Quickley Free Throw 2 of 2 (5 PTS),freethrow,turnover,3,Medium
22100239,548,turnover,4,PT08M57.00S,08:57,Q4 08:57,79,82,1610612745.0,Augustin,D. Augustin bad pass TURNOVER (2 TO),freethrow,steal,3,Medium
22100239,549,steal,4,PT08M57.00S,08:57,Q4 08:57,79,82,1610612752.0,Burks,A. Burks STEAL (3 STL),turnover,2pt made,3,Medium
22100239,551,2pt,4,PT08M52.00S,08:52,Q4 08:52,81,82,1610612752.0,Toppin,O. Toppin DUNK (6 PTS) (A. Burks 1 AST),steal,turnover,1,Medium
22100239,553,turnover,4,PT08M42.00S,08:42,Q4 08:42,81,82,1610612745.0,Martin Jr.,K. Martin Jr. bad pass TURNOVER (1 TO),2pt made,steal,1,Medium
22100239,554,steal,4,PT08M42.00S,08:42,Q4 08:42,81,82,1610612752.0,Burks,A. Burks STEAL (4 STL),turnover,foul,1,Medium
22100239,555,foul,4,PT08M40.00S,08:40,Q4 08:40,81,82,1610612745.0,Tate,J. Tate take personal FOUL (4 PF),steal,substitution,1,Medium
22100239,557,substitution,4,PT08M40.00S,08:40,Q4 08:40,81,82,1610612745.0,Martin Jr.,SUB out: K. Martin Jr.,foul,substitution,1,Medium
22100239,558,substitution,4,PT08M40.00S,08:40,Q4 08:40,81,82,1610612745.0,Augustin,SUB out: D. Augustin,substitution,substitution,1,Medium
22100239,559,substitution,4,PT08M40.00S,08:40,Q4 08:40,81,82,1610612745.0,Gordon,SUB in: E. Gordon,substitution,substitution,1,Medium
22100239,560,substitution,4,PT08M40.00S,08:40,Q4 08:40,81,82,1610612745.0,Green,SUB in: J. Green,substitution,3pt made,1,Medium
22100239,561,3pt,4,PT08M29.00S,08:29,Q4 08:29,84,82,1610612752.0,Burks,A. Burks 26' 3PT pullup (11 PTS),substitution,3pt missed,2,Medium
22100239,562,3pt,4,PT08M13.00S,08:13,Q4 08:13,84,82,1610612745.0,Tate,MISS J. Tate 3PT,3pt made,rebound,2,Medium
22100239,563,rebound,4,PT08M11.00S,08:11,Q4 08:11,84,82,1610612752.0,Burks,A. Burks REBOUND (Off:0 Def:3),3pt missed,foul,2,Medium
22100239,564,foul,4,PT08M10.00S,08:10,Q4 08:10,84,82,1610612752.0,Toppin,O. Toppin offensive FOUL (2 PF),rebound,turnover,2,Medium
22100239,566,turnover,4,PT08M10.00S,08:10,Q4 08:10,84,82,1610612752.0,Toppin,O. Toppin offensive foul TURNOVER (3 TO),foul,2pt missed,2,Medium
22100239,567,2pt,4,PT07M54.00S,07:54,Q4 07:54,84,82,1610612745.0,Sengun,MISS A. Sengun driving DUNK - blocked,turnover,block,2,Medium
22100239,568,block,4,PT07M54.00S,07:54,Q4 07:54,84,82,1610612752.0,Noel,N. Noel BLOCK (1 BLK),2pt missed,rebound,2,Medium
22100239,569,rebound,4,PT07M52.00S,07:52,Q4 07:52,84,82,1610612745.0,Mathews,G. Mathews REBOUND (Off:3 Def:2),block,2pt made,2,Medium
22100239,570,2pt,4,PT07M52.00S,07:52,Q4 07:52,84,84,1610612745.0,Mathews,G. Mathews putback DUNK (5 PTS),rebound,2pt missed,0,Medium
22100239,571,2pt,4,PT07M32.00S,07:32,Q4 07:32,84,84,1610612752.0,Burks,MISS A. Burks driving Layup,2pt made,rebound,0,Medium
22100239,572,rebound,4,PT07M30.00S,07:30,Q4 07:30,84,84,1610612745.0,Tate,J. Tate REBOUND (Off:2 Def:7),2pt missed,timeout,0,Medium
22100239,574,timeout,4,PT07M28.00S,07:28,Q4 07:28,84,84,1610612745.0,,HOU Timeout,rebound,3pt missed,0,Medium
22100239,575,3pt,4,PT07M24.00S,07:24,Q4 07:24,84,84,1610612745.0,Green,MISS J. Green 24' 3PT - blocked,timeout,block,0,Medium
22100239,576,block,4,PT07M24.00S,07:24,Q4 07:24,84,84,1610612752.0,Rose,D. Rose BLOCK (2 BLK),3pt missed,rebound,0,Medium
22100239,577,rebound,4,PT07M22.00S,07:22,Q4 07:22,84,84,1610612752.0,Burks,A. Burks REBOUND (Off:0 Def:4),block,3pt missed,0,Medium
22100239,578,3pt,4,PT07M09.00S,07:09,Q4 07:09,84,84,1610612752.0,Quickley,MISS I. Quickley 25' pullup 3PT,rebound,rebound,0,Medium
22100239,579,rebound,4,PT07M07.00S,07:07,Q4 07:07,84,84,1610612745.0,Sengun,A. Sengun REBOUND (Off:2 Def:3),3pt missed,2pt made,0,Medium
22100239,580,2pt,4,PT06M47.00S,06:47,Q4 06:47,84,86,1610612745.0,Sengun,A. Sengun turnaround Hook (10 PTS),rebound,foul,2,High
22100239,581,foul,4,PT06M33.00S,06:33,Q4 06:33,84,86,1610612745.0,Mathews,G. Mathews personal FOUL (2 PF),2pt made,substitution,2,High
22100239,583,substitution,4,PT06M33.00S,06:33,Q4 06:33,84,86,1610612752.0,Toppin,SUB out: O. Toppin,foul,substitution,2,High
22100239,584,substitution,4,PT06M33.00S,06:33,Q4 06:33,84,86,1610612745.0,Tate,SUB out: J. Tate,substitution,substitution,2,High
22100239,585,substitution,4,PT06M33.00S,06:33,Q4 06:33,84,86,1610612752.0,Randle,SUB in: J. Randle,substitution,substitution,2,High
22100239,586,substitution,4,PT06M33.00S,06:33,Q4 06:33,84,86,1610612745.0,Wood,SUB in: C. Wood,substitution,3pt missed,2,High
22100239,587,3pt,4,PT06M23.00S,06:23,Q4 06:23,84,86,1610612752.0,Rose,MISS D. Rose 24' 3PT,substitution,rebound,2,High
22100239,588,rebound,4,PT06M21.00S,06:21,Q4 06:21,84,86,1610612745.0,Sengun,A. Sengun REBOUND (Off:2 Def:4),3pt missed,3pt made,2,High
22100239,589,3pt,4,PT06M12.00S,06:12,Q4 06:12,84,89,1610612745.0,Mathews,G. Mathews 24' 3PT  (8 PTS) (A. Sengun 3 AST),rebound,2pt made,5,High
22100239,591,2pt,4,PT05M53.00S,05:53,Q4 05:53,86,89,1610612752.0,Quickley,I. Quickley 14' pullup Jump Shot (7 PTS) (A. Burks 2 AST),3pt made,2pt missed,3,High
22100239,593,2pt,4,PT05M41.00S,05:41,Q4 05:41,86,89,1610612745.0,Wood,MISS C. Wood driving finger roll Layup - blocked,2pt made,block,3,High
22100239,594,block,4,PT05M41.00S,05:41,Q4 05:41,86,89,1610612752.0,Noel,N. Noel BLOCK (2 BLK),2pt missed,rebound,3,High
22100239,595,rebound,4,PT05M39.00S,05:39,Q4 05:39,86,89,1610612752.0,Rose,D. Rose REBOUND (Off:0 Def:1),block,3pt made,3,High
22100239,596,3pt,4,PT05M35.00S,05:35,Q4 05:35,89,89,1610612752.0,Burks,A. Burks 25' 3PT  (14 PTS) (D. Rose 4 AST),rebound,timeout,0,High
22100239,598,timeout,4,PT05M35.00S,05:35,Q4 05:35,89,89,1610612745.0,,HOU Timeout,3pt made,substitution,0,High
22100239,599,substitution,4,PT05M35.00S,05:35,Q4 05:35,89,89,1610612752.0,Rose,SUB out: D. Rose,timeout,substitution,0,High
22100239,600,substitution,4,PT05M35.00S,05:35,Q4 05:35,89,89,1610612745.0,Mathews,SUB out: G. Mathews,substitution,substitution,0,High
22100239,601,substitution,4,PT05M35.00S,05:35,Q4 05:35,89,89,1610612752.0,Fournier,SUB in: E. Fournier,substitution,substitution,0,High
22100239,602,substitution,4,PT05M35.00S,05:35,Q4 05:35,89,89,1610612745.0,Tate,SUB in: J. Tate,substitution,2pt made,0,High
22100239,603,2pt,4,PT05M23.00S,05:23,Q4 05:23,89,91,1610612745.0,Gordon,E. Gordon driving Layup (14 PTS),substitution,2pt made,2,High
22100239,604,2pt,4,PT04M56.00S,04:56,Q4 04:56,91,91,1610612752.0,Fournier,E. Fournier driving floating bank Jump Shot (19 PTS),2pt made,turnover,0,High
22100239,605,turnover,4,PT04M55.00S,04:55,Q4 04:55,91,91,1610612745.0,Wood,C. Wood inbound TURNOVER (6 TO),2pt made,3pt missed,0,High
22100239,606,3pt,4,PT04M43.00S,04:43,Q4 04:43,91,91,1610612752.0,Fournier,MISS E. Fournier 24' step back 3PT,turnover,rebound,0,High
22100239,607,rebound,4,PT04M42.00S,04:42,Q4 04:42,91,91,1610612745.0,,TEAM defensive REBOUND,3pt missed,substitution,0,High
22100239,609,substitution,4,PT04M42.00S,04:42,Q4 04:42,91,91,1610612745.0,Sengun,SUB out: A. Sengun,rebound,substitution,0,High
22100239,610,substitution,4,PT04M42.00S,04:42,Q4 04:42,91,91,1610612745.0,Theis,SUB in: D. Theis,substitution,3pt missed,0,High
22100239,611,3pt,4,PT04M30.00S,04:30,Q4 04:30,91,91,1610612745.0,Gordon,MISS E. Gordon 27' 3PT,substitution,rebound,0,High
22100239,612,rebound,4,PT04M28.00S,04:28,Q4 04:28,91,91,1610612752.0,Randle,J. Randle REBOUND (Off:1 Def:7),3pt missed,foul,0,High
22100239,613,foul,4,PT04M15.00S,04:15,Q4 04:15,91,91,1610612745.0,Theis,D. Theis personal FOUL (2 PF) (Randle 2 FT),rebound,freethrow,0,High
22100239,615,freethrow,4,PT04M15.00S,04:15,Q4 04:15,91,91,1610612752.0,Randle,MISS J. Randle Free Throw 1 of 2,foul,rebound,0,High
22100239,616,rebound,4,PT04M15.00S,04:15,Q4 04:15,91,91,1610612752.0,,TEAM offensive REBOUND,freethrow,freethrow,0,High
22100239,617,freethrow,4,PT04M15.00S,04:15,Q4 04:15,92,91,1610612752.0,Randle,J. Randle Free Throw 2 of 2 (14 PTS),rebound,turnover,1,High
22100239,618,turnover,4,PT04M03.00S,04:03,Q4 04:03,92,91,1610612745.0,Gordon,E. Gordon bad pass TURNOVER (4 TO),freethrow,steal,1,High
22100239,619,steal,4,PT04M03.00S,04:03,Q4 04:03,92,91,1610612752.0,Burks,A. Burks STEAL (5 STL),turnover,3pt made,1,High
22100239,620,3pt,4,PT03M58.00S,03:58,Q4 03:58,95,91,1610612752.0,Quickley,I. Quickley 24' 3PT running pullup (10 PTS) (A. Burks 3 AST),steal,foul,4,High
22100239,622,foul,4,PT03M47.00S,03:47,Q4 03:47,95,91,1610612752.0,Quickley,I. Quickley personal FOUL (4 PF),3pt made,2pt missed,4,High
22100239,624,2pt,4,PT03M33.00S,03:33,Q4 03:33,95,91,1610612745.0,Wood,MISS C. Wood driving Layup - blocked,foul,block,4,High
22100239,625,block,4,PT03M33.00S,03:33,Q4 03:33,95,91,1610612752.0,Noel,N. Noel BLOCK (3 BLK),2pt missed,rebound,4,High
22100239,626,rebound,4,PT03M31.00S,03:31,Q4 03:31,95,91,1610612745.0,Theis,D. Theis REBOUND (Off:1 Def:4),block,2pt made,4,High
22100239,627,2pt,4,PT03M29.00S,03:29,Q4 03:29,95,93,1610612745.0,Theis,D. Theis putback Layup (2 PTS),rebound,3pt made,2,High
22100239,628,3pt,4,PT03M09.00S,03:09,Q4 03:09,98,93,1610612752.0,Burks,A. Burks 24' 3PT  (17 PTS) (J. Randle 8 AST),2pt made,3pt missed,5,High
22100239,630,3pt,4,PT02M55.00S,02:55,Q4 02:55,98,93,1610612745.0,Gordon,MISS E. Gordon 25' step back 3PT,3pt made,rebound,5,High
22100239,631,rebound,4,PT02M53.00S,02:53,Q4 02:53,98,93,1610612752.0,Fournier,E. Fournier REBOUND (Off:0 Def:2),3pt missed,3pt made,5,High
22100239,632,3pt,4,PT02M30.00S,02:30,Q4 02:30,101,93,1610612752.0,Burks,A. Burks 28' 3PT  (20 PTS) (J. Randle 9 AST),rebound,foul,8,High
22100239,634,foul,4,PT02M20.00S,02:20,Q4 02:20,101,93,1610612752.0,Burks,A. Burks shooting personal FOUL (1 PF) (Gordon 2 FT),3pt made,freethrow,8,High
22100239,636,freethrow,4,PT02M20.00S,02:20,Q4 02:20,101,94,1610612745.0,Gordon,E. Gordon Free Throw 1 of 2 (15 PTS),foul,freethrow,7,High
22100239,637,freethrow,4,PT02M20.00S,02:20,Q4 02:20,101,94,1610612745.0,Gordon,MISS E. Gordon Free Throw 2 of 2,freethrow,rebound,7,High
22100239,638,rebound,4,PT02M18.00S,02:18,Q4 02:18,101,94,1610612752.0,Burks,A. Burks REBOUND (Off:0 Def:5),freethrow,3pt missed,7,High
22100239,639,3pt,4,PT01M54.00S,01:54,Q4 01:54,101,94,1610612752.0,Burks,MISS A. Burks 3PT,rebound,rebound,7,High
22100239,640,rebound,4,PT01M52.00S,01:52,Q4 01:52,101,94,1610612745.0,Wood,C. Wood REBOUND (Off:0 Def:11),3pt missed,foul,7,High
22100239,641,foul,4,PT01M50.00S,01:50,Q4 01:50,101,94,1610612752.0,Fournier,E. Fournier personal FOUL (2 PF),rebound,2pt made,7,High
22100239,643,2pt,4,PT01M38.00S,01:38,Q4 01:38,101,96,1610612745.0,Green,J. Green driving Layup (16 PTS),foul,2pt missed,5,Very High
22100239,644,2pt,4,PT01M18.00S,01:18,Q4 01:18,101,96,1610612752.0,Randle,MISS J. Randle driving Layup - blocked,2pt made,block,5,Very High
22100239,645,block,4,PT01M18.00S,01:18,Q4 01:18,101,96,1610612745.0,Gordon,E. Gordon BLOCK (2 BLK),2pt missed,rebound,5,Very High
22100239,646,rebound,4,PT01M16.00S,01:16,Q4 01:16,101,96,1610612752.0,Randle,J. Randle REBOUND (Off:2 Def:7),block,3pt missed,5,Very High
22100239,647,3pt,4,PT01M15.00S,01:15,Q4 01:15,101,96,1610612752.0,Fournier,MISS E. Fournier 3PT,rebound,rebound,5,Very High
22100239,648,rebound,4,PT01M14.00S,01:14,Q4 01:14,101,96,1610612752.0,Noel,N. Noel REBOUND (Off:1 Def:4),3pt missed,turnover,5,Very High
22100239,649,turnover,4,PT01M14.00S,01:14,Q4 01:14,101,96,1610612752.0,,NYK shot clock Team TURNOVER,rebound,3pt missed,5,Very High
22100239,650,3pt,4,PT00M57.70S,00:57,Q4 00:57,101,96,1610612745.0,Tate,MISS J. Tate 3PT,turnover,rebound,5,Very High
22100239,651,rebound,4,PT00M55.50S,00:55,Q4 00:55,101,96,1610612752.0,Noel,N. Noel REBOUND (Off:1 Def:5),3pt missed,foul,5,Very High
22100239,652,foul,4,PT00M51.70S,00:51,Q4 00:51,101,96,1610612745.0,Wood,C. Wood take personal FOUL (4 PF) (Quickley 2 FT),rebound,freethrow,5,Very High
22100239,654,freethrow,4,PT00M51.70S,00:51,Q4 00:51,102,96,1610612752.0,Quickley,I. Quickley Free Throw 1 of 2 (11 PTS),foul,freethrow,6,High
22100239,655,freethrow,4,PT00M51.70S,00:51,Q4 00:51,103,96,1610612752.0,Quickley,I. Quickley Free Throw 2 of 2 (12 PTS),freethrow,timeout,7,High
22100239,656,timeout,4,PT00M51.70S,00:51,Q4 00:51,103,96,1610612745.0,,HOU Timeout,freethrow,substitution,7,High
22100239,657,substitution,4,PT00M51.70S,00:51,Q4 00:51,103,96,1610612745.0,Theis,SUB out: D. Theis,timeout,substitution,7,High
22100239,658,substitution,4,PT00M51.70S,00:51,Q4 00:51,103,96,1610612745.0,Mathews,SUB in: G. Mathews,substitution,2pt missed,7,High
22100239,659,2pt,4,PT00M47.50S,00:47,Q4 00:47,103,96,1610612745.0,Gordon,MISS E. Gordon driving Layup,substitution,rebound,7,High
22100239,660,rebound,4,PT00M45.80S,00:45,Q4 00:45,103,96,1610612745.0,Wood,C. Wood REBOUND (Off:1 Def:11),2pt missed,foul,7,High
22100239,661,foul,4,PT00M44.80S,00:44,Q4 00:44,103,96,1610612752.0,Noel,N. Noel shooting personal FOUL (5 PF) (Wood 2 FT),rebound,freethrow,7,High
22100239,663,freethrow,4,PT00M44.80S,00:44,Q4 00:44,103,96,1610612745.0,Wood,MISS C. Wood Free Throw 1 of 2,foul,rebound,7,High
22100239,664,rebound,4,PT00M44.80S,00:44,Q4 00:44,103,96,1610612745.0,,TEAM offensive REBOUND,freethrow,freethrow,7,High
22100239,667,freethrow,4,PT00M44.80S,00:44,Q4 00:44,103,97,1610612745.0,Wood,C. Wood Free Throw 2 of 2 (18 PTS),rebound,substitution,6,High
22100239,665,substitution,4,PT00M44.80S,00:44,Q4 00:44,103,96,1610612745.0,Mathews,SUB out: G. Mathews,freethrow,substitution,7,High
22100239,666,substitution,4,PT00M44.80S,00:44,Q4 00:44,103,96,1610612745.0,Theis,SUB in: D. Theis,substitution,foul,7,High
22100239,668,foul,4,PT00M43.40S,00:43,Q4 00:43,103,97,1610612745.0,Gordon,E. Gordon take personal FOUL (2 PF) (Quickley 2 FT),substitution,freethrow,6,High
22100239,670,freethrow,4,PT00M43.40S,00:43,Q4 00:43,103,97,1610612752.0,Quickley,MISS I. Quickley Free Throw 1 of 2,foul,rebound,6,High
22100239,671,rebound,4,PT00M43.40S,00:43,Q4 00:43,103,97,1610612752.0,,TEAM offensive REBOUND,freethrow,freethrow,6,High
22100239,672,freethrow,4,PT00M43.40S,00:43,Q4 00:43,104,97,1610612752.0,Quickley,I. Quickley Free Throw 2 of 2 (13 PTS),rebound,2pt missed,7,High
22100239,673,2pt,4,PT00M29.40S,00:29,Q4 00:29,104,97,1610612745.0,Gordon,MISS E. Gordon driving Layup,freethrow,rebound,7,High
22100239,674,rebound,4,PT00M27.90S,00:27,Q4 00:27,104,97,1610612752.0,Randle,J. Randle REBOUND (Off:2 Def:8),2pt missed,foul,7,High
22100239,675,foul,4,PT00M25.00S,00:25,Q4 00:25,104,97,1610612745.0,Tate,J. Tate take personal FOUL (5 PF) (Randle 2 FT),rebound,freethrow,7,High
22100239,677,freethrow,4,PT00M25.00S,00:25,Q4 00:25,105,97,1610612752.0,Randle,J. Randle Free Throw 1 of 2 (15 PTS),foul,freethrow,8,High
22100239,678,freethrow,4,PT00M25.00S,00:25,Q4 00:25,106,97,1610612752.0,Randle,J. Randle Free Throw 2 of 2 (16 PTS),freethrow,3pt missed,9,Medium
22100239,679,3pt,4,PT00M19.00S,00:19,Q4 00:19,106,97,1610612745.0,Wood,MISS C. Wood 27' step back 3PT,freethrow,rebound,9,Medium
22100239,680,rebound,4,PT00M17.60S,00:17,Q4 00:17,106,97,1610612745.0,Tate,J. Tate REBOUND (Off:3 Def:7),3pt missed,2pt made,9,Medium
22100239,681,2pt,4,PT00M16.60S,00:16,Q4 00:16,106,99,1610612745.0,Tate,J. Tate putback Layup (11 PTS),rebound,,7,High
